27070380
27029595
27464346
29267925
31158508
28285789
27028561
31549836
28647173
32056845
29267918
33217046
29131357
28916391
27763787
28457349
28189390
32128708
27872364
26996139
32163680
28811170
27509655
29477878
29530643
30852345
30311585
29501560
27939768
27870689
30951637
29319591
27487998
29618586
29243225
28369961
29903417
32818418
28243937
27212079
31095819
29984946
29512599
27719988
28750247
31815796
27569055
26993028
32367355
27129450
30167886
27048745
29227202
27712118
27573577
28446685
30206957
29267917
29267920
29267914
29267909
32711730
29706319
32877071
32367356
30158602
28829013
29080429
27336445
27020989
27704772
28601976
29370577
31002058
28631169
27905267
30621317
28608813
30027916
27012221
27763795
26888897
29299939
27179929
30142150
30823365
27156484
27459560
29267913
32340832
28277248
24983096
32568041
29199280
29541942
31105130
27721110
27824828
33093313
29267911
27874162
29267922
27862959
27603528
27067096
28072676
29500926
27135717
27172823
27417495
30326556
28148798
29028178
27345865
30420230
27848922
28137716
29300166
27290831
27384821
28687969
29267926
29266213
33068528
28952036
29750481
28282358
29407238
27516635
28934211
27749669
27567913
30430882
27177718
27763483
27158761
29172071
26940504
28927874
27717945
27241952
27295893
29549059
31310210
30561172
32464166
30303661
31499212
28429288
31742511
28318467
32673592
33215846
28413875
28818921
29017720
29267924
33207682
30760239
30933006
29110515
27089761
26925496
27570082
30703541
30125240
28877637
32380717
27438084
29360629
32232942
27748784
28948916
27309781
27309791
27581255
30882329
29267908
32452420
29927941
27203101
29945653
28803579
27029817
27077095
27103128
27623030
29130259
28578821
26955231
27068488
27223135
28484181
27658737
28073577
27029869
30268731
30592577
30217651
28513814
26918507
29363460
31347372
27797853
26961650
28712256
27348367
31472967
30666941
27157106
27858969
28108947
29235552
28098126
29795560
27236867
31375439
27448188
27326944
31282298
28358795
30791041
27156408
27866470
28060216
30471642
32370187
29200521
27618573
30143802
27579616
31731598
26981761
26915933
30016372
27875110
28518023
34329309
28463081
29355007
28726601
26965108
27650447
28748906
27751766
30594262
26863963
27682065
26893150
28527892
27167537
26985587
28342423
26938703
31008703
26142684
25811410
27997333
31254742
26842033
31712570
27261195
27105655
31678288
29206717
32367357
31800936
31809512
27788975
27427201
24856001
28074988
29696134
29761757
30080377
27088817
30213891
25530324
32043455
29116671
33801335
27986688
28549857
31097261
28007310
30666939
27196545
30226168
27332784
27066795
27088323
27331627
31340725
26852727
27209301
27078057
33496242
29767504
30763872
30559387
27089762
30561302
26939897
27188344
27603093
27681699
27692879
26972490
22305269
31032814
31112915
27469223
27426716
27759009
29089591
30583057
29739925
27149521
26963535
31718580
27023395
29461703
27184420
27208545
30304805
27641566
26963564
28430564
28452113
27156023
30866777
27274588
27466104
27281566
34076486
27115821
27089253
29148371
26931360
28459414
29664390
27629599
27056096
27314996
29414182
27485955
30612200
31882976
33568638
34193875
27088970
27143081
26794427
28498965
27111356
28478426
26890470
27254259
29096380
28399294
29279447
30428083
27617352
27070847
31852506
27268504
25625872
29084593
27557815
27070735
27381219
26863943
28704657
29068843
30334729
26922439
27748650
28777794
27447397
26949027
26872416
27653589
28792064
28899079
27779466
29053990
31234341
26061233
26627575
28288452
28430097
33758931
28186536
25898277
29739467
24421913
26084316
27404665
30254274
26101272
29099873
27764115
28072401
28539654
26975308
27431802
28074023
29979014
27748649
27684526
27586510
28734023
34252102
28548637
28851097
27447300
34065688
28472623
24909208
27645608
28095443
28484182
27225243
27859375
27880747
28699857
27783679
26937739
28953451
28654045
26998633
27128355
27126052
27386894
27104366
28363252
24507467
29750282
28988109
27754830
27060613
27040593
27454745
27605056
26921737
29771234
6275577
28574621
28541340
27089120
26922438
27088574
26939607
27412023
27731557
27013110
28367888
27451520
24739982
21529401
27005012
26966326
29346272
28900143
27585037
29125545
28420392
26913304
30085474
29346650
28104381
26987769
26615388
27414192
24721538
27682644
27493161
30145056
27013706
24507466
26890059
28092493
27358939
27299167
4976739
27089758
27313200
27012725
27284020
26948207
29197720
29144474
31999593
34086269
32497802
28622038
29630603
27306180
27599469
27765639
27032431
31739508
31999574
31006031
27149205
29871628
27693104
33091001
26775124
28899653
26812929
26979935
31512145
27335310
26980239
27631604
28566270
27031450
27787490
24148652
28277198
30232986
26964604
27541989
25341051
28604348
30188990
28968305
29112768
30579862
27282424
27906905
29845526
27242327
29101612
30445195
27220937
28648495
27255550
30566505
27631467
27829439
34019803
27997942
27203490
32816436
30450789
27564232
26945753
31884173
30388054
27589583
27687554
27063653
26957316
29113627
28296632
27254248
29759069
33496246
28694390
28399888
30836648
33008282
32452363
26952646
26876061
28786784
28360276
30356305
32367365
26914596
28448611
27353042
32651967
27923889
30325302
28402153
27070912
25514122
29277550
27093860
27007567
31859256
28610843
32563700
30216988
27056643
30074287
29245202
23878182
27572275
28262449
27363326
27764076
28075694
27366020
31107211
32528049
28410349
29150641
31400093
31340185
28005902
30578658
28541997
27670692
30078765
30974264
29441490
27048000
29048289
26978815
27490087
27188346
28479349
31238350
28894473
22389730
27367466
27862008
32367367
32580028
28803703
30831416
27668909
33375140
33471814
28722641
29030170
29027743
28198171
34293950
32979816
30842564
28806479
27053037
27229696
27633426
32367360
28409618
28081439
27780196
30384472
31407817
27333025
30703161
26961637
28633549
28445122
27458114
34207958
32469909
33191867
28813216
34340648
29557985
28555074
34656553
19788800
27364179
27636525
27232506
31433283
28838638
23936579
30426316
34608212
26521519
27000001
28675351
26905027
27685812
27197113
29909123
27023833
27236440
33208231
32367370
30074716
29945539
26993654
32276512
26906886
34206327
28423096
18680646
28930031
27016009
28330514
31180813
32723426
28347332
27088194
31050238
31868887
26918506
27599648
27916339
31918041
28514450
29215081
28009279
24516683
28119857
27087204
27694479
30465510
27834272
33594490
29241768
30230754
31283901
30617340
33118718
26997578
28257281
28718518
27377478
29428601
27633273
33541333
33068527
30939961
27477981
27089202
489960
33834635
27449770
26761185
29510270
28709964
28514227
27693616
27282681
33587688
29523447
29388670
27111294
31878862
27653905
28081529
28500225
27220167
30333476
29048293
28502333
32429277
30157396
27676340
30129207
31180088
27045503
28098253
34582966
27848978
30048441
33743086
29359251
27855041
29370812
30131486
26917790
28796762
27249094
30850467
29091713
27039613
27390166
28948917
27708473
30281707
28870816
27081746
30962164
28352123
30658214
30405055
29038290
27339593
32249680
27912090
31829444
27542120
27704909
27805547
26946926
29967017
30560770
26944581
27357348
31904764
31014275
28749569
27452806
27914622
27255410
27573124
26864175
27940708
27640519
33308203
27198836
30571742
27076507
27188345
29532283
26611910
27914626
27316385
27892990
28893652
28277199
31071248
31876484
26927301
27684886
28934352
27183312
26993436
31936331
27868318
26698165
32106222
31277583
27166755
34499027
28176006
27442327
31877989
28159620
26923117
34184940
29053013
28318359
29694351
27058990
33121360
27763793
28636772
28114414
33068285
28433358
30576572
32876433
33865073
31598845
30875715
31171395
30043260
27560129
27664930
32835646
27812710
27054688
28111132
26071336
29845541
27129451
24626205
28755588
27693357
29691387
34592564
27143174
28290434
27460686
29912689
27316500
28679155
33587689
32545775
28357839
33432092
30380760
30192399
32281058
29253151
27573074
28106528
30544785
29975185
29540804
29300893
28932709
27282638
29472437
29258204
29930323
29522736
26684466
22953014
27711041
29742375
29267923
28000206
30358431
28224753
31277902
27078190
31310224
28418744
18674965
27800692
27676337
27111981
32914095
29590202
29133932
29379794
30576956
26914330
27268016
31310218
32325652
30097025
27352596
27804004
27355411
30235931
34038273
30596671
27460685
27482562
27908879
32074238
29737272
30771269
30149598
27198838
27055374
28527891
26907929
28042993
28676282
27196544
27329551
27955630
30866755
31933003
27193639
27651092
31442400
28008958
33216763
32144727
32886758
33671742
27934901
27255682
31936013
31025402
28566536
28216147
27517108
28156001
33383826
28893603
32667392
32574959
28349242
27894003
29907402
33356825
32186426
31147867
26988905
30614664
28174133
28712937
32052024
27160350
30666934
33588269
27572177
28343104
27066744
27092361
30222212
27584942
27347853
30543603
28194584
27597462
26959260
26911940
29217377
26898198
29803863
33007152
29590269
32311307
27671098
29093135
29474814
28933344
31112569
27090089
30817677
28388922
27966238
27306491
26967758
29505571
27118575
27629942
31354746
28032327
30124194
29117002
29757270
29808536
28160965
29579059
32397571
29394415
29875461
34670646
29664391
27556748
30374352
27885280
26841979
27021935
29134418
27074312
34077451
26796917
30358578
27708030
29288699
26848011
27013108
27192031
33496651
27758685
30005683
27355409
27775637
34497219
28790458
27863275
28009384
27170237
30889338
29037541
32889681
27555311
27475021
27562260
29845536
30334734
28865242
27244249
27911897
27211788
27272118
28074379
31314905
19516034
27788398
31268910
27673286
29481868
28297081
33266129
28120186
28820694
31914252
28499036
28242036
27676341
30531174
29353134
29090994
30608633
27625288
28532852
28448734
28127671
29761581
31914251
27588756
28275155
27590716
27232461
33301527
27723844
31475575
27780969
28579320
33203823
28671343
30016469
28403061
28434408
30015077
32439858
30885699
28575689
30833056
28783378
29664375
31146294
29267919
34405956
27747912
29050846
28431283
32628662
29305314
27378370
30031046
26969497
27184421
34468175
32639204
27337468
27553173
27926933
32483612
27364784
34314373
28069378
26994814
29194962
30075097
32818420
30178463
31773163
27663284
28672028
28426311
27627314
29637883
28069360
27174964
34314374
33320867
30911157
30246776
27008481
29367282
27413190
28538734
30426920
27998552
27596624
33668584
33545196
29960747
27991555
30742853
28969937
27469112
27676336
27100826
30391636
33328311
30817675
27028271
30133603
33374816
29943298
32593623
28151953
27028782
27286563
34082114
29972553
27101541
27628509
30358428
27378033
30457546
28287375
27688194
30739645
26985965
29078002
28566102
28398562
28125631
29183824
31075547
31340371
26962217
31836659
30826180
31391514
31213175
28002820
29453985
30384426
30918368
31170469
28975230
27352750
29875247
29239715
27139439
34216632
29382068
30995223
27399927
28688996
33922664
26842018
29510763
29519697
27729643
27412024
31752731
29846381
29133154
25001879
30970540
34117012
26911164
28383800
27000068
33075363
27846847
27507747
28864425
28921551
30202058
27433842
34228144
30040845
33359921
27707632
28867493
31451049
29645074
27504949
29595610
32937663
32633761
27434194
32906689
28829736
29112766
31628040
33075374
27884655
29212611
27171034
27249063
34363633
26903610
27344225
27788336
27852856
28536443
27123558
31534046
29395111
29739931
28490001
28290436
31470560
30005607
29033368
27539802
30882325
29120157
31586088
27926355
30056812
27632055
28724972
30161130
31877200
29107512
28835479
31250000
29691373
31375360
29131923
29985788
27585248
28849792
31375586
28920574
28340908
28116673
31493417
31335898
28778266
33713818
30921275
28074378
28259231
34623106
28128730
28876240
28959858
5002906
28193014
29773118
29251602
28622059
27475896
31967538
29881853
27622492
32117303
28278327
27557413
27000244
29768530
31246623
27387029
29742003
26965888
27593584
30544174
25625687
28887877
27869933
27892997
33952765
30902616
29048558
32310074
31718742
28696994
29500738
29286404
31682562
29097635
27194600
30952992
27542178
34936226
29851968
31129010
27871511
31053164
28542611
27356247
27319025
32151598
28745255
28253931
34445581
27163257
28655823
31481388
29097124
32272109
28632838
32705573
27599407
27032458
29240727
28331047
26862926
30576573
29068844
28591291
31639184
29805095
28703853
28698028
32498399
33369711
29867228
30799482
28880974
27332714
29060089
30036009
27074330
26813766
31475971
31739467
33180748
32311029
32669461
33237295
28566359
27417493
27562269
32188737
32880775
27607566
31448988
28778267
27255107
32272626
29596013
28630988
29395352
32107965
32117232
28665268
33181021
31982624
34082423
27173701
30003503
29143115
26959259
29051080
31742512
27348136
27643685
28711704
32618278
32747639
29594985
26961646
31653571
34669099
31603314
27545505
26527535
33500409
27287833
28806453
31891236
27532808
32627805
29267915
27071531
27257232
28344115
30451958
30072272
29641959
26584464
32310079
32208027
27835966
29497604
31206355
29509754
33624694
29341036
28934431
27551728
27292005
29406975
31170143
34508989
29661628
29043960
29304471
33191452
28220786
33496653
28918127
27608262
29157958
28241170
29341037
32115581
29661493
32367358
31556723
29366587
26951804
27681219
27048746
30760071
29322525
29898004
33503145
29443111
30291893
30033034
28573776
27774987
28084324
33924398
26962237
29063232
33154572
32496934
29106643
29553331
29267921
25996909
28630989
32043959
28253207
28483992
30938839
26976611
30723148
28269870
28281680
28483991
30053235
27688094
28813092
29451864
29158604
28719283
27289006
33146106
30377986
26940642
27650823
27934884
28628450
34098817
33371476
27596376
34285673
28623165
27272625
30481182
30008291
32941627
32203510
29166472
31666491
33027394
31442386
28319237
26993880
30037810
29232159
27846442
27265775
26959258
29273403
28207688
34079560
30553031
30742671
31597021
29882971
30866073
30281708
27046524
30444865
32493813
27171368
30392049
29904223
33900178
30882327
29759076
29516714
34368011
33035733
29176348
29194880
29877152
29433112
32367366
27330653
29561936
30326204
31310228
30826189
28004846
29528928
34001508
27080092
26674815
30104582
32747564
27695847
32085848
28647172
27225109
28782432
27149628
27339992
29467384
30085051
28060809
27063794
31682478
30970110
31477351
28005499
29111579
30395564
34581872
31697958
29117106
31961867
27861673
30427409
32316163
29146794
33198111
28177969
29171859
31710135
28328129
30015285
29534160
29692314
28806098
29813148
29076805
31303651
31980339
28591292
29044149
30922930
30853543
28441244
31068218
28316955
31905106
31337150
29233716
29260594
27283145
27884405
32433502
27526490
32582602
29294035
31418012
33559917
27966815
28927458
32538904
32694525
27079865
30070773
30102669
29889609
30031350
27124623
29232165
33441483
31094347
28185278
28068342
26943916
27926934
31392996
31346608
27283801
27341420
32044958
29153262
27548930
29258444
32913354
28846484
32987571
31072181
30365666
29907401
32768096
27197772
27179414
27603576
29476066
29526321
29385979
33910950
32419649
29507368
32649965
32138181
29022904
29972554
33077712
32875318
29258771
33098957
29049645
27192024
29845530
30103523
32011597
29921914
32381652
33597462
27425793
28443546
27015734
28592568
29531213
33863991
29217845
28671429
28024678
30972234
30311817
30481428
27167975
27702683
27359297
27960068
27105638
27055196
34641413
25294619
32557984
28498743
27759862
28214373
30932009
28796799
32109441
28710796
31034391
32282593
30921386
27082204
29914957
27475895
29297281
27464857
27507741
30716104
33723859
29958184
31838328
28795266
29706959
29372233
26674809
31316749
32713745
34808091
29397953
31310215
29563545
29555345
29900580
31855479
30539558
26689277
30625068
27474145
29428508
31438386
30666928
30210503
28968838
26942903
27060381
29289815
27830429
28229475
27593186
32130356
33361229
27224471
29698814
32163409
28210744
29437051
27364935
28241773
32916389
27885741
31125410
26927450
30543300
29379028
33302536
27981937
28839081
34038265
31962160
28152146
28449047
27248295
27352748
29145400
33041119
26988170
31176113
33664361
28112162
30064447
26973301
34171744
32997012
27497951
30665581
29902449
31877132
29593256
32560274
30148488
27083694
26710538
30478625
26914692
29495257
28945787
30247349
28641808
27617894
28968863
34133677
27150736
27540984
32702260
27939402
30156517
33120594
32367354
31072687
34260264
26777915
33645470
29553691
33361247
27253432
32103097
30017677
30998804
27555094
27074370
32439929
34758738
27031608
28372356
30886369
28598943
31902313
28244380
29425176
34597940
33006989
27278855
31653397
27336960
27695855
29345964
26879565
27461305
30753539
29627357
31840495
31392955
29030384
27998594
31028397
29212612
30551872
29183802
28930015
28333910
30405178
29126899
32984903
28942698
32184485
27612156
29426761
33092055
32488915
29310105
29181930
29545017
33001726
30042483
28640798
27832245
32815300
29274845
30020821
27911847
27916837
33143016
31399372
29472438
28143935
33401753
32941805
28397799
27198837
29135369
30222826
28531943
28244371
27477156
29069564
30399445
28487052
31468956
30487632
26824625
28370966
30592701
31194720
32367364
30831221
31640124
33332632
28797534
30666931
28263141
27471954
30305112
31075077
29037967
29364400
27088494
30088678
30897362
30557321
28617719
34763153
27799296
30537244
27681334
29912705
33561698
33104708
30272674
29260671
29033372
30946866
30255830
29017246
32841056
32491876
27627657
31752097
27477157
28806105
27198478
33706715
27490307
28598944
27510169
29539290
32956416
28790185
34013833
30267436
32866370
28599659
26862812
28937149
30239403
27759838
33172818
27641776
30073032
27605159
33499489
33233769
32949636
27177409
29650501
30618208
32006504
27896560
28320169
27641777
28530022
27532277
28632511
26944028
29895962
33327961
33130337
28051775
34075035
34896982
32912177
29153921
33554254
28430562
30139407
28783051
27617787
33430059
31779251
25345518
30856603
34378378
34358564
27383948
27716414
27556838
29361318
30260713
29908184
33484964
28510593
29405107
33234268
28910635
33952412
31507198
28673675
28039355
28734519
28934370
28035650
28776338
27743485
31112759
31844054
28534760
32310065
27833670
30256965
30665021
28737215
28458498
33012038
28719300
28709958
33260784
31264801
33916874
28653626
27891785
29717846
29659939
29742377
28372868
27682031
33141451
27676343
28006649
28939807
28141843
33054749
27875460
32569485
29972576
28811345
32855325
29305550
28450714
30855072
28890894
29116169
34103009
30413548
29653619
32911235
30061280
30797578
30441747
32817107
29672707
32777585
30301244
31735122
31488709
28736217
28228277
29793453
34429111
32199079
28333922
33418086
29543803
32581095
27389990
28365387
31387365
32853874
30572570
32208021
29791591
28806454
29437049
27285308
27150456
26552108
27466468
22825831
31652496
27480043
34562598
29471046
31311882
30441757
31366379
33148605
28461070
27152436
31769670
32043531
31261806
27572514
27808208
27392219
29845532
34552587
31227906
28746373
29927341
27313013
27197311
33661908
30427418
31412626
33900183
31019072
31095749
30958095
30102327
29971518
31882898
28755567
28817610
30367096
32761051
28647174
30646325
31331807
28327482
32173095
34207228
30753538
31421166
33260026
27060380
33333008
27556383
33781600
29132236
30523784
29880824
26940218
29020245
30404008
26986702
33440758
33201665
29653620
34287556
26939047
30482893
31407788
29751200
29253552
33137492
29669275
30967310
32367359
30226108
27541191
31968331
27914465
27496713
27690200
28298448
29880853
27729507
30636575
29925843
28889967
32736711
33909865
33446825
27253365
31494268
33057411
29359481
26912676
27584546
32064329
27604059
30684211
29845528
31991674
29019746
31953137
29160530
28094237
29216376
31625850
32310059
34633957
32441631
28841899
31739432
27544075
27352749
30367529
27676342
26965962
33139490
28300075
30226164
28487557
28583742
29985932
31801867
28198446
31481385
29412962
29267910
31828175
27757795
28302072
28403053
30357854
27978904
27573623
28398522
27052666
29753607
27916410
33383619
34293941
32032522
30427419
33251156
34327866
28818572
27927858
30368020
31917957
26952870
29209886
32778040
29117563
28765371
28494235
30173664
30576586
32049123
32830420
28953860
30742628
28108286
34293361
27717627
28111270
28806481
30289482
33533844
31296482
33059318
33045342
27267799
28533416
32983175
34120576
33052957
28209336
31559967
29958986
28209337
28444144
27467271
29554280
29269041
31217547
30398145
27443522
31028387
30143723
30059980
32708079
33321096
32060358
32575394
32986701
31455701
30439339
34106769
32628667
29496923
33956662
30115888
28685770
29921033
28139388
31533374
34372551
30771526
33229545
30254297
28192072
29081369
31533267
30576585
27417950
26849748
26948433
30759205
27546187
27876396
31935257
32747704
28398681
29362473
29927940
30133492
26892436
29623081
28384812
29463209
27934714
31835212
27054989
29617958
30142669
27490445
27471296
31365103
33570155
31717338
29659541
27223311
28825519
29813163
29759080
27994145
27535512
28319244
31882804
29496921
32757522
33436917
27959695
30429338
29773562
28468854
27869981
31441819
27647195
27538044
31202908
30212537
28767975
30359409
30820456
26911655
30011271
32729520
28327795
28278235
28442607
27494130
27767931
32559805
33185862
28707334
27254835
29272526
28968270
31805400
29378173
29606355
29447264
34753479
29570266
34147906
28798323
34037794
34187544
31063544
30921276
28803932
29772278
29897010
33729407
29348707
28480779
28825520
27682032
32157991
28783840
29401460
28740150
28838639
31441824
28803069
32384225
30735189
29723973
31731738
29194706
27063354
30550790
29935345
33378361
28487032
27567120
28655548
31837428
32780659
27064148
28429036
27281741
34085899
29159364
27615590
31142663
27491193
27311388
34834963
27091703
29386264
32456014
4799154
27454712
29140935
27283140
28045901
29720583
30841598
29724036
29216367
28175986
29091758
27977671
27915293
29380211
30822687
31340296
31137235
28894118
28430098
31745123
33891631
29792759
28421292
27208633
32321364
29967565
29122518
28784796
27323918
32907768
27472289
32053906
34229891
27260223
33957087
27716242
31712766
27902933
30337585
29470500
29301009
30874610
27207189
34516583
33929789
31156079
34231737
34479309
33825799
32948231
28055221
27289428
34013960
32367371
31906823
27832267
28980148
30476947
28928377
27869959
27976454
28594771
28835502
29248924
32004803
28241263
33028637
27743310
28880955
28794181
27022155
28101877
33563822
30675847
27171533
27705077
31682557
29505830
27876484
29929827
31116847
31455188
30642334
32081002
34348665
28100662
32699085
30192813
32478506
33245528
27871327
33980647
28831192
29267916
32673148
32107394
27966802
33557048
30022045
29643334
32353601
29703263
28167751
30072275
31071117
30902991
30226115
30408008
26897106
34295872
27013429
34757622
30892628
30419154
30228574
32878890
30789499
28078779
29948883
31013906
32665616
29618090
29107414
27344465
34614105
29318503
28315476
34259748
28929534
28636449
29875515
33237209
28095418
29929561
29718403
32171303
34310650
33934997
28279150
34289950
33405202
27551005
26775125
32876288
30680570
33672623
30401491
27554037
34495097
31035536
32586516
27505002
30239404
32081740
30696994
30181550
29884243
29703710
29534620
28589934
27638290
28751513
32245370
29632126
32569146
30569977
29070824
32051274
28153056
29844186
28045216
27477452
28267109
28240195
30026871
32973802
28931226
33206852
30041146
27162029
32100677
31799896
31347721
32186486
30127503
31266863
28242837
32987099
28661244
31142667
28886944
29246836
28062314
31527907
29325155
28249158
33563005
34246123
31988337
26860150
31862166
31601808
31876496
28699858
32415777
34093581
30826191
28475924
31546589
34162338
28437183
30266962
34468177
30639780
31120935
26958936
29321308
29650500
28041895
28393598
29692307
32409074
28402236
30199373
32840950
32397176
30350764
26889662
32949531
31671831
30567583
32247567
33382858
30594531
33849897
28520489
31255628
31019057
28946911
34463605
29634758
34536367
30532143
32228787
25310102
29268073
27612158
32039473
31957701
32753403
32347735
27653360
28153043
29343577
27787288
30590626
31870904
27787521
33477428
29032113
28971967
31251958
27412681
32348763
33073500
30576574
28538723
32317689
30655513
27105931
31242963
31290226
32466480
30011278
31624014
31077760
32873194
28193876
32673593
27019049
27974560
29522735
27405738
30558136
28686621
30544195
29511073
33393410
33002418
32604943
29943723
28728607
28900831
32109947
34008724
31107226
30308076
34218667
33164977
30814679
31051186
30571764
27470244
31282877
29554290
30615782
30307753
27321962
30673613
30526531
32933007
33010735
34272257
30020561
28829735
31358863
29668683
31332269
31234652
29726827
30682026
27612155
31565661
34174248
30063220
31038293
32623238
28855646
28099861
30232987
27582188
30615781
27463941
30721608
31187254
31920173
28123079
28102134
29280428
27001741
30769824
31502209
32673594
29726825
33085668
32491129
32182748
34175321
29159369
31533583
33079044
30019309
32075736
30401782
32686424
29169357
32817655
32017766
28842610
29360072
27902502
29486059
28347781
26897108
33656154
33872416
28205302
27708476
34152807
31300061
28538727
32844907
28985234
28988896
30871928
26837723
27078543
27601533
34334661
32757627
28806618
26947268
32371874
29314118
32749573
31705028
30786060
33534087
26958738
30472207
29854148
29590178
31577989
30531188
32772811
27609862
33338046
31244855
30281633
30232988
28667164
33272192
28263312
31003530
28680856
27049675
28261663
29298885
30999821
31597777
32282800
31473337
32392268
743766
33005970
27869394
31388071
28931684
25299181
31880199
34410903
33101303
33339669
27372396
34133669
32585067
29381706
28398684
28182948
30902046
32796074
31181219
32298716
26921913
31103782
29864129
32448116
29543910
29395533
32544190
29726826
32316394
27228275
30971475
27644020
30905842
29925850
32634152
32823394
26959248
29084310
29300859
34307186
29617955
30165717
27960198
27812690
28980717
32725867
34152811
28686321
28229462
28884445
27143306
28715527
28338754
28500817
28712942
31142443
29898684
29876782
28969377
27959260
33762667
30308155
27601517
34709635
31351948
28878071
30051738
29192272
34126834
26959308
29147884
33587687
26782128
27055385
30959074
29973158
27618294
28086897
29932932
28370583
33782556
29724698
34243740
29084118
27827826
33231855
34677332
31725819
32132999
31669035
27295904
33026130
33086050
29267912
32242626
31229606
27253205
33836919
31826997
30926740
27923187
27174054
31539394
31432989
31382545
28478111
29719255
30742406
30142670
27453325
33002616
29020226
30561554
34579782
33587923
29041992
27137695
28205300
27627457
29955082
27355570
30845254
27179424
31174294
29282904
29037966
30693421
31975402
34200607
29108009
32941807
30420591
28062188
28164300
28222903
27998595
30919926
32453850
31076660
31270049
30853504
32930781
28741545
27139440
32542514
29428987
29749366
27224278
33718276
33949387
31601848
27287356
28280063
29162827
28189711
27810502
32846650
30301701
33713696
31553367
29529852
33599193
29688216
32086387
30394402
29400709
33819569
28418738
26965596
33909610
30349980
26953673
27807296
34184045
31209616
29227420
33255202
30858571
31199156
32156037
33984844
28235193
28511272
29925661
28939290
26895850
32130322
30401870
32522808
29212931
27684333
32876126
32367363
29965958
28972551
31499613
34550810
30252119
31562326
33822234
28102133
32402031
31106880
31681849
2841406
34161179
29109164
26935676
29302996
28538722
28486135
32602577
31687902
28505571
29392760
32949532
28711586
28102736
28457855
32422351
27268505
30068645
31090222
34249779
29303729
30086802
30097295
33472606
29753210
33497414
32576082
34076485
33023645
32788625
33096825
34214074
32367369
28890978
34125832
32858052
28654956
31541139
31367259
34204166
29093104
27001187
28577343
33190402
33812340
31975397
29141746
30946747
31520069
33622591
27223315
27436433
33968035
31375561
31607654
28179396
30285863
34325995
32965421
32463814
28068904
34099831
27338953
33590650
31436154
31947958
28418292
27353794
32818729
27795432
33201875
29875203
30791664
26921241
33317184
34372525
27997547
31369576
30631437
34133446
31546825
28738211
28691657
31844662
26854199
28756233
26601449
31949262
28087772
34390684
31216479
31720051
27612157
27225098
30150394
27322537
30135445
33007231
32941515
30869010
32524954
29237759
33253174
32090677
27216759
31554802
30423904
31831806
32504029
27922617
33757480
27726416
31072386
30634400
33395421
30860160
28125540
28928416
30541932
33167566
30478404
29195030
26897760
34043078
33510473
31649352
30024951
28274708
33780011
33312964
34152457
30657788
28216184
30230268
28418539
30902827
33075709
33404080
32367368
32045325
28610628
31559951
31530713
32614902
28765581
31446443
27459752
32330261
31086212
33651942
33838105
30735502
31202320
27352279
27532622
32525653
33657175
30914212
34086672
33080971
29762492
33829875
32824351
28256913
32039055
32588847
33849406
31088375
31683628
29297844
26818622
28401907
29915057
33027393
29242092
31987069
27222919
28785095
34852159
30144463
31694939
30165498
33360425
31690231
27609872
30268947
29641964
27355468
27103126
27227971
27869982
31289325
30072692
30944176
31028263
31499705
28771605
32850501
29246237
33514824
31346616
30771801
31182146
31270223
32329611
33270652
28306183
33679748
30429457
32375993
28837029
30453684
29920225
28755145
29921658
33106507
30243931
27236614
29571844
32214354
29740962
28827581
30366554
31878895
31690057
33144264
29793806
32081772
33926311
32112647
31534148
34056709
32924767
32112648
27705091
29352633
27695107
33262363
28092249
30209043
33147489
29277269
27927917
33533857
30408201
33731800
32726884
28278237
31129423
29062360
31862897
33724374
33178624
33888740
30282919
28390691
34627783
34030816
26993883
33470076
28667332
33930014
30530224
29608170
34118406
32487247
33019915
32321830
33303883
31139735
32471131
30925051
34499857
30002446
28102136
34403457
27835759
28419346
31954155
30398138
30485459
29738625
32208533
33900180
31708914
30785182
32635867
34816948
32035058
33198165
27143490
8099299
31116849
33588891
30218650
30277201
32282596
32705969
27372395
32035400
27098947
34006306
30205195
33037740
27553402
29232453
31698665
32472451
27706161
32345582
32999034
34818858
29437050
34323772
27372398
27279226
33893037
28901598
32886254
27028667
30025831
28194799
31133721
34353682
27540152
33601028
26991663
31738944
34388402
34458161
31154511
30385728
33898335
28292840
31469952
27055200
30991717
30945160
28524874
28095405
32971183
27757256
26965035
28729493
34615519
34019939
29747890
34453730
28231241
27414496
29122447
34583643
30359768
29476864
32483462
32542479
27481466
34454481
33954117
34037947
27411846
34379506
31975394
30354937
30199767
31130472
29897327
28842988
29437048
26969966
33950132
30113672
34249780
34244417
29044194
27656926
28461069
27305043
28472297
32427940
31794083
31139577
32539759
34468494
33268403
34406289
33465098
28570693
30121258
34856127
30029808
31981639
28775961
30658479
34390806
28708418
31911171
33791243
29329394
28379440
34676194
33486425
33415985
32855339
33947225
29786689
29979812
29432825
32663213
30044839
28507114
29678884
28102503
33193347
34765564
33078696
29057920
34111119
27524440
31552611
29093521
29382300
33010209
32421851
28961800
30439343
32946768
32961956
33258476
27878897
31779533
31022183
30856278
33572650
32086956
33028720
32501510
28068513
29040304
31495452
33605376
34247056
28931227
27521359
30799253
33374895
27584610
33610792
27838352
34601144
32274991
33776990
31120156
27188061
28656018
34207340
31307046
27930910
27741537
28880978
28076778
30201444
33206639
33295481
34237098
31981774
34351896
30728253
27479770
31432892
31067235
31698857
33531217
28795959
26832396
30110370
30736425
27869964
30158295
33497228
33953258
33773619
32810503
29352307
30424827
32546159
28081442
33038931
27819683
28314593
30399360
32681164
32305868
32580374
29423529
32958043
29129917
34220838
28719506
27285427
27205899
28199846
34555500
34086403
26723756
27613665
33837977
30577437
31926367
29106547
34798192
31060949
33705409
27919709
33439897
27039875
30698412
30620463
29323278
32758106
30587193
34096682
28874759
33535104
29020159
30213843
32173316
27212660
31888285
30879197
33606729
28768876
29746468
31837392
34190948
31655546
28427352
31678190
31474993
29758005
34232545
29512437
27618295
33922578
26896047
28747174
27852793
31569736
32269575
32043460
28566073
32038625
29145452
30608919
31956073
33626545
33343565
33440418
31649351
32019953
34495471
30375482
26849762
31636070
31607605
34139785
28724472
33011564
30668565
29956181
32438700
30176187
29650663
33780719
30650369
30111605
29844457
29262327
28705681
29746833
28394887
29757218
28869076
30087165
27598421
28810265
32751540
29696377
31927301
34391467
31816752
28646619
29860509
28442561
29679079
27599470
28185126
32843067
31121045
32209664
30178981
34738457
34144470
28442752
28453839
27074377
31461176
32193549
31488856
29263206
32524144
29310948
29746837
31742839
33315931
30856223
30677097
33036370
28174309
33167511
30076867
32641828
32690969
30142207
31589611
31519749
27473528
29964076
32622852
28177195
31164305
27694931
34481867
29473899
34504185
30552880
28164310
31279695
27617437
28152376
26696621
29518228
27402518
33717194
29789095
32057179
32592905
32482672
27934765
27650556
30342068
34353577
33793877
31212905
31547527
33161883
31819129
33046929
28542540
34706662
32997047
27538321
34878712
30808875
29976926
30901054
31501074
33566939
32796069
33663410
31521805
31329869
31379867
33206725
27318417
32907937
31669333
28945244
27173920
27610587
29437046
31365112
28982578
33970118
29500061
27102926
28274564
30827860
32117223
31910161
33657112
32692647
27598870
27009036
31616920
29806030
31154121
34468171
32919474
32753493
31147629
26903031
34335614
33164278
28586426
27066743
30817674
27118425
30681219
31795144
31066548
28446573
30886357
27826073
28794424
30890039
26852261
33451779
30731153
32758108
27143305
27977548
28027061
31067454
31450455
29161829
27163559
29934593
33460441
29914733
27512066
31243123
30809014
27444419
32600777
30467501
27417494
34375636
27045056
30872672
32888023
26706817
28231312
32522807
29311619
30335151
26994509
28481898
34224111
33784311
31752352
30544164
27923950
34221359
27495823
30573745
29266602
34610857
29947712
29551394
33117336
28342826
28831630
34019802
33949803
34022526
28442754
28329257
27491194
33459164
31068433
28558804
32022206
33605318
29584632
29844387
33196331
29141913
30091967
30169250
28085877
31901091
27617732
27235196
33796483
33381840
33229416
27209175
27884993
33313516
30944243
28343845
30343688
27052792
28128342
29263203
30176812
27645785
32270034
27175927
27982355
27729201
27356311
32431284
29445153
28768729
30014144
30708982
33855638
33263680
28593839
27075009
27708058
31130109
31109248
27323550
30053386
31847764
32302362
31780744
27434361
33881730
32287277
28423319
31189716
27096910
33009728
28103255
33895084
32579073
28344113
26868672
33591992
27580721
33369823
33611129
32484769
33515459
30917523
26762624
33091010
33900172
31996323
33666808
31545803
27436751
29697919
32532853
33711018
29995729
31773804
27150951
30930286
30742841
28571894
31992777
27573961
30031093
29779827
27870688
33723237
27503033
34051864
32578148
33211409
34213405
33481791
32720440
30845653
31806107
32357162
26960050
28598790
27384803
27485738
28514228
27618651
28627851
30791609
34562829
29171191
29967348
34650045
32728054
30394719
32474686
27029927
32438629
32967957
32966990
27776026
32427996
30922370
30059498
30504926
27390239
27180225
32745093
30206152
32530355
27731495
28117032
32159496
28566316
32234060
31584946
31847373
29192746
32075576
31511023
32290844
28173851
33597214
32888876
34382337
29197806
27258065
34525107
30155852
30884384
26783242
28542585
32721735
30016242
33505863
27119856
31112566
29146940
33807442
30413671
29432457
31640505
30753516
33681889
30511641
30337177
32645049
32031668
27323600
28404849
31792427
28784739
33667230
30866776
27151254
29235456
29470110
30990437
34001511
34679120
33986255
31380302
27508290
32467966
26796813
33174631
30020933
27932442
29488730
27037098
29497887
34378695
27984418
33420058
34488857
31666336
28204734
32787752
30002313
28775298
31171800
30817678
29669451
29077283
32682638
32959164
31563599
34098362
29044195
26961437
26820387
27979342
30076287
30753689
33494175
27207768
26839247
27207862
30893357
33523052
27389909
29581442
31957543
28084987
33127896
27508289
32163449
28716913
28604797
31684080
29807712
30046058
26856896
28938115
27979340
33773923
34332351
30959341
29030308
28838147
32776975
28362944
32617898
30133373
28394328
34411716
32554698
27891786
32588813
31201056
34066055
32367373
26850984
27480321
29539287
27997330
30738366
34034828
26893468
32376188
33142991
29885620
33193389
31519912
27041640
29437047
31285451
31852797
32847848
32393198
30781519
31345269
31268394
33909869
27481629
29110197
30744915
30779938
26839177
28645311
33147451
30241539
30385750
32518143
29540220
26985845
30248317
28151488
27215946
28692228
29362446
27454076
30021906
28397374
34454432
31754110
29691362
33045466
28780769
28146192
33924302
33153665
33310811
32078520
28898891
34000991
30235422
32276649
31369649
27011140
32766829
29635625
30358129
29618505
32466170
32574688
29664372
31753318
28869941
32411625
31688184
30005489
27060396
29740424
29864249
31975393
27315005
29603598
27982288
27283926
32339536
27583097
33094998
28814522
27490349
31975403
34286575
30006514
28806562
32306836
27328974
27367331
27906864
27399828
27032485
32356301
32239166
31754425
27216764
27025322
29108750
27270120
33594740
33863888
28535184
27998580
33872300
31844129
32458306
27476019
30459473
28685984
28794019
32410874
27960197
27165390
27891783
29261094
28117038
30575464
29457234
33732238
33596380
27763656
28970482
27974296
27942961
32902370
33126907
34624499
27352763
30820837
32690078
26932976
34491004
31005553
34785597
27751615
28035106
28572454
31027667
27812646
32224891
26914810
28758222
34303348
27269900
29127595
32102874
27482554
28418503
32265162
27421544
32646676
30550659
29267278
27203498
28017726
28542240
33332373
32501770
28484183
27158114
31511387
28977007
26820163
28143801
27590737
31975395
29176498
29712653
29138300
29122294
33127823
28153665
32738280
27029872
32035269
30408294
27156435
26950736
27336620
33927207
34461885
33875756
28494237
31595718
30149771
31687381
27071041
28855386
33684110
29663453
26774330
34287587
27319020
28102537
27623958
26914500
27317419
29618091
26866485
31668877
28320497
33255150
32415086
27442184
27855636
31462546
28758997
31305494
33001616
28834250
32187187
27532234
27311776
30191558
29116029
30591235
30380239
27412976
27091802
27930650
31748599
33980602
31662457
27265914
33996617
33964525
27568284
32034041
27119524
31548639
28860226
27380423
32858116
28708997
27100970
26848089
33801616
30996133
26840174
26858352
27535047
29330423
27151137
31711190
29488548
32224108
32448272
30429254
28300836
33400705
27454521
34465281
29267173
29406461
31843025
31338960
29526344
28657281
29230053
27589884
27812645
31600501
30959732
27831765
32949997
33602985
29802245
29267308
29190868
31290166
28954062
33143129
29154526
26934531
34919366
32910509
34909490
28486369
27232529
26960750
33358432
34525286
34252106
28740159
27090438
27119589
27107300
34687870
27401144
29460858
27852587
27353815
32517029
32065815
29613895
29600283
28229397
26937609
31557664
34385701
30737148
27150274
33419730
27832058
28423100
32934082
26948432
31796542
28643775
28155266
27526492
27418575
29536828
31760845
28426680
30576578
29657107
32152180
30718396
29357841
31451733
27005721
26947167
27995511
30991850
27311680
29049277
34428546
30894466
30016248
28384133
26932263
26778293
27919154
30381296
30615405
30029548
27435990
29668332
27317825
34408012
28322690
27488825
33229424
30998408
30476232
29200423
29396004
29361773
29370170
27353814
30184373
30704043
26453655
27010422
29932596
27751616
27311329
33976429
31594455
30789944
28049830
27353817
27063652
30608632
26961015
28152048
33492101
28240999
32575960
31972088
32493680
26403318
33810110
28703521
28030386
32898136
30593788
33733807
33447371
27090801
27401601
30205518
27034514
27304097
32882433
28742068
34034529
29851952
27869940
30417788
32978154
31740702
28737542
29341549
27462882
33964237
29932934
33297255
28976853
27885789
32938736
27419889
32087540
27150136
27490354
27385228
27401608
32939752
33007002
28396992
31242891
29167994
27032078
28866135
30618459
31449532
27260832
31707055
29768589
29990349
29659904
31896285
28692229
29276699
30365699
27031817
29422006
27621340
27435517
30678320
30576576
33323426
32763144
27881434
30202017
26906627
27167249
31721902
30945276
30380246
32105483
33814233
31359000
27221543
30312300
27901259
34928206
31672665
27102780
30734714
26920038
34232731
27776956
27203499
29121000
27288789
27736642
28196970
32066616
33957312
30466692
28330900
27383962
28033340
29700266
28683899
33662722
33789994
27397775
27900645
33920474
30302841
31227043
27150532
32228785
27845968
30188883
30448428
33630829
29720353
28408723
30208181
31758900
26947168
33115950
27296393
33084055
26401719
31660908
27462846
29415586
31207313
27050856
30184357
32942671
30091965
29983385
33079987
26921912
28200111
31393908
26963593
29897831
26937612
34696536
27093766
28134669
29291723
33174644
29357366
32186485
30123405
29298358
27571349
27818091
27383974
34255560
29476408
31757867
27965394
28634982
26959253
27286010
32022196
29270943
27288540
28189347
29086073
31108113
32618279
34906084
34586289
29934091
31658707
28658408
31975401
28126366
27399646
30576580
27167538
27815146
32712372
27743683
30133655
29305462
31593398
31865579
30160181
27466758
33237306
30171843
32762767
27164708
29899743
26849896
30380243
29538507
33802042
30012787
30049612
29733243
34244259
26960051
27368092
26866840
33729093
32344170
28766466
31408424
28087875
32182730
34385251
27639953
26944027
28696532
27294787
27211476
30576579
29242091
27359317
26884455
31217315
28104310
29019762
30624838
30739794
27581052
27474488
34048439
28724012
28615701
27902511
28325921
27914834
32931050
31707203
32897294
31479162
26748604
30576587
26952389
32126277
33421988
34267374
30273250
33544730
27339099
26978530
27221166
32578804
31352447
27005530
27821887
28604336
31142152
29685890
32614431
28339472
29608426
33607517
32511241
32820330
26868414
30921103
29318332
32850479
29182145
30944179
32140865
30793304
32228777
28722594
34531189
30137937
29346387
29166461
31513761
26943629
26927449
30048541
34259784
28590945
27391568
30921441
27144515
29617816
29211161
27039447
30642974
30646333
31658836
33446084
31044332
28978707
33711424
28914749
30576577
28669618
31449521
31904798
33348409
28877553
29518067
31110169
28645459
32436470
28694387
34364426
27684344
33778951
32431119
31460659
26879566
30452800
32842803
32165128
29774022
31340378
28556287
29227208
32405938
28525510
27175724
33234110
28878076
27137494
27622433
29694613
27490430
27871436
30624579
28319995
26842604
33202656
27837933
32238481
28826723
28574728
29140242
28168560
30921104
29368329
32764551
28876425
30003923
27111968
29152996
27149726
27711033
29690842
28182608
26859285
26829957
28692024
27149896
29195536
25600600
29352094
28545882
26864344
34180875
29382894
29776426
28778659
27579558
31870907
30379231
32948939
33342482
29683399
33007306
28495527
27187993
33121145
27046925
27467820
29167058
33731027
32282830
27596253
29045206
31826928
29389533
34394129
27866593
29138496
32145385
32684139
27321961
31038920
34184937
28697901
26923081
28426018
31170124
29110196
26908259
28780216
34545435
27142055
30480882
29507355
27186984
29513667
30584689
28742857
28991697
28137229
32756832
29270717
31567025
28648813
27604930
30173871
27955768
31053158
26912880
28719330
29155634
31017399
30680733
28343414
29209885
28650987
30709812
29610863
29357209
30463973
28487212
28586630
27977881
29018252
28207337
26702627
32612052
28839316
30292020
27383459
28575919
30730887
33886893
33008141
27974667
26731034
32522837
27855644
28322519
32992985
28221261
29145516
27015222
28270583
27194615
30057851
31814135
32997018
28954064
29228413
31529828
32243762
27609128
27073228
27538400
32072409
32430723
29116222
28595824
27737448
28207332
30135260
31364534
33305387
30421639
27367003
27553292
30444562
27581979
28736184
31800794
27057874
31260518
28443985
32132180
32753727
31975400
27566874
27322491
34586867
28749921
34077195
28736265
27578819
32067244
29665783
29317641
29166843
32762999
32708879
30004260
33647014
31085612
27522921
27321115
28190239
29858269
34925484
27138556
31455769
27565347
26820244
27106369
31265907
29590614
28448488
32485138
27694629
27160110
29017275
29438377
26947169
29912006
27707728
33922819
29988000
31370135
29066355
29039731
27168495
32049958
33301644
30892549
32491147
33741050
30478418
29370151
28060137
27052794
27435464
26917636
31144558
31340836
26864962
30087337
30721779
29412347
34472507
27977645
32485405
28265108
29557341
28956541
29981066
26901275
29966516
27729183
31240617
31775105
31220154
26774331
27832051
27600176
27888265
27776823
27487631
27031943
29972474
34856713
30930299
28097318
30165474
30985517
29037898
27468599
27172672
28975876
33238584
30260118
34091323
27509902
32845437
30684694
27487767
31255970
27492042
33395432
28236744
28401481
27316349
32373111
33976183
31541110
28651111
33168210
28056005
28950830
30576571
30229426
31468955
28846489
28536757
28461071
31350377
31956038
26876373
29096677
28379952
28099856
29315671
31936159
30835728
33081500
29694294
30448643
34508072
29304110
34613812
29315224
28332092
31009541
27766638
30653996
27423687
29635382
27678028
26902867
32882120
31096455
31959174
28017252
28122631
32619732
28076569
28468671
28318966
33972597
31506595
28493351
28226083
27016775
30634976
34181645
32369180
34098620
30152372
33610784
28283425
28617773
29167459
29188465
29343712
27096300
27644171
32220305
27532747
34379510
27337368
28238029
31413072
29284702
31152971
28591470
30005224
29113824
31557165
27050112
30336778
32367372
29273121
28804174
26866292
32767966
29935423
34702206
32543427
30476967
32972453
31941536
33979266
30668772
32597319
29490880
27175508
30167029
27855206
29353032
28722613
31735568
28132835
27541001
29429503
30207663
29273529
33096849
32647884
28277362
28134705
27492132
29768624
32348275
27115737
28479616
30365761
28400948
32561757
32216596
29157951
33983398
30058440
27798603
33186089
31679764
28597088
27821513
29618564
32815502
31971935
28383378
26912369
30412231
28675271
27714487
32157994
31453893
28195040
31395061
31538919
28325910
30668574
32172256
28783843
30195666
27515384
28877754
34133488
33414219
31477918
27729407
31833744
32569323
31090481
34883813
31932383
33129847
29738826
30690661
27231186
32243482
32842538
30413672
28253231
29452026
28457610
27223865
29451494
26970698
30111778
27552432
31721956
28677934
27130436
28049006
33138282
30474222
28216074
27192026
30146329
28364011
33111925
26988027
28031307
26980631
28250532
28719313
29844290
34399621
30576582
28671785
28423097
30452526
27477155
31436327
34502007
32663230
28434775
30808213
29528929
31277715
28736077
31541214
30849728
29500034
27060691
28767730
33053568
31352487
31933462
29454041
32801077
29217376
30070988
26956448
28789826
27920162
30259547
34574369
27078587
30576581
31673117
28188305
30225842
34787257
33923877
33214283
31339584
27994281
27912091
32949543
28385119
28715409
32434085
27716392
27326435
28695835
31222674
28345656
26921165
29022864
30995296
30427400
32199080
33694083
33187952
29799688
28994790
34177930
30851967
29654909
31481059
28432975
27113107
30836281
29150310
31616923
32019704
32731873
27491635
31209577
31967789
32633763
29931514
28359304
28688593
29782922
28030381
30635240
29197364
29306490
29185595
28447498
28594787
27743747
29494684
30097059
30678125
29959761
27312324
29087938
30576583
30463319
29260651
28522665
29141747
27687267
27706382
30328996
33525328
32348302
31619008
30469417
30327651
33466404
28937944
29369018
28343780
29146711
27016785
31877223
30138063
26825803
30359380
31369667
29769105
29972566
32237563
30848123
31467282
28103326
29414097
28445704
31077071
28034741
31483008
31220435
31889619
27236271
28973011
26194519
34588470
28187183
27884827
31980305
28859049
27929218
30070025
28323468
27031310
34176326
28859353
28053366
31433630
28325935
31600206
30380317
30349030
33974620
29789369
30105501
33414220
27815145
33542468
31975398
30954872
33967267
28633891
29390455
31311201
26880123
32881216
31493920
32360323
33753816
26867462
27532497
32820832
30471867
27096299
27812648
30468095
32920998
30763563
31800952
29894797
27866982
34338179
30576575
31006554
28188933
30177828
30151634
31202392
28185815
28772262
28445832
30878263
31646973
33606839
30448462
29175232
27593350
27476412
34037187
33159226
27301356
30115330
32012191
30771406
31933455
34215396
33924066
33114346
29491389
28473729
29463651
29235414
29995102
27783802
31474994
28239662
27255948
26923098
27529422
28060798
30693859
28652051
27072040
30570468
32142153
29241605
26938868
27464886
31061405
28099714
27897973
32321946
27601578
34329306
32619757
28034744
26952701
31500964
33673603
27893824
29979796
31975396
31474220
29981375
32783901
31818462
33559956
28278416
30192658
28562637
30365695
32310958
28229481
29396410
32001767
29932095
29120623
30169255
27334910
30544871
29223217
26858259
31878830
34181579
30156974
31200692
33731022
32150556
31447968
29625404
27891776
33219561
29708542
34321098
31096777
27036749
30329134
29543805
27893080
28429031
31389545
33103609
28986827
27562089
31932713
31558597
30091043
30898036
34299596
27145708
28182667
31354135
29679791
28198548
32538457
31805205
31213064
34253909
34452505
27278486
29112936
31626375
29574136
31394119
29665376
32401826
29429035
28318141
32844897
29104460
31481135
28968905
30264295
32417080
31755969
29526384
34147955
33142747
30171265
26898855
31729793
32203509
28226004
28423140
29613837
27156436
28207078
27492477
27430951
29717225
29369860
32558512
28898286
34198817
33111304
28985318
31902708
27372399
27743307
27083981
27802941
29713901
33270635
31530669
28342876
33452445
30059721
29489972
29976678
30650347
27373766
31430351
27708012
28347326
30594264
32590939
31271613
28956764
34372518
31043537
28662753
30517515
28053357
31488835
28594778
27860092
31665987
30772009
29036922
28703771
27378805
29799940
33320259
30353084
32027652
30657537
28017432
31276467
32647259
29436309
31810760
34311080
33473014
32150565
27588363
30583731
32595198
30719534
27034513
27093158
31685512
31401441
30858430
29615760
32132233
32875482
28005002
27281951
30201929
30044847
33539393
27738152
27151369
29578037
33248032
32142512
33636637
31242145
29601580
30958701
32367362
30309651
27490117
31764729
30192664
33891593
29915078
27601223
28450178
30439342
31610778
32015557
30393012
31836636
30301438
31347726
28071614
34162308
27276695
29574335
28199323
26754201
29058664
27449601
29562870
31364556
27977308
29175895
32014497
32313955
29196275
30036788
32640279
27789523
27702593
34831310
31651247
29305463
28978754
31950075
27741183
30733412
27626161
31671583
30590746
33923434
28446677
27738153
27544795
30845796
28669037
31344613
30967466
31101058
34663977
30594124
32065676
28429099
29241533
32618974
29165933
33172077
28295400
30630174
29489966
27903317
29129817
31387537
29738748
27737553
29130262
28739278
33772
31215148
32621935
29937406
27899230
31462185
29102599
33808725
27889615
30544615
29063515
27207138
29857404
33347432
32208419
28362340
31784997
30424530
27156653
29900496
29195504
29253493
33530458
31340324
31333155
33151584
30200481
28515302
32163439
32194040
31107912
31285631
31568386
28381608
31594497
30358036
28820690
33032661
29661633
27276696
27521687
31109024
31355708
32370141
34681654
28697121
27882950
27693308
31800795
28145811
29421460
27929451
29652194
29239003
27773536
29231077
31987197
31112836
28892452
32078028
29165527
28419254
28727526
28719291
29946074
30040423
32471495
30016726
31718421
27386922
34620704
28448507
31374094
31916616
29370682
27993851
29572905
31351847
30598036
28077143
29305392
34486974
32399856
29293631
28095299
34651309
28444557
32339199
33925713
34329305
32559197
30890698
32556415
28028879
29545150
27584813
28413059
30274270
30521524
29567063
27923024
30367678
27339887
28345596
29206195
31910225
29550865
29748487
31137208
30096015
31894724
33661906
30114001
28122329
26821709
26840156
29268961
28074025
28910292
32967070
34065928
31335850
32045581
27713505
31460633
31843348
29958768
29897329
30379229
33293534
33060596
29621184
28345600
27548647
29538490
31488182
28254839
31545139
28873445
28360135
30776139
28774800
32348760
29382735
28704365
30418969
33636087
33913804
28700665
33396899
33009400
29371100
28792990
33370392
27490661
34878882
30893607
30038228
32520115
31919100
26257029
27302027
27876643
27611658
30053656
30445676
28570608
29538291
27342126
30926741
27139219
30596236
32971483
28777792
28348160
28661429
32429073
28468880
31235930
31028126
28289159
29526431
32267460
32488021
30726741
32251455
27504617
27032927
29069354
27805221
31755813
30541520
29878881
28492766
28875696
29771784
31534033
31821105
30940710
29615676
31614765
31908326
27633330
31391005
29843621
31651970
30216976
29485891
29525372
29194012
29966348
28205633
32079356
28109676
31116278
30048481
31746070
28927441
27423039
33019944
28477675
32641809
34292314
31539774
31769955
29444946
31340900
31199809
28829235
32783888
28063994
28475892
32576094
28698279
30305326
34031250
28577370
31653965
32041646
30951555
30453621
29177397
33000384
27438351
28274195
31845340
32569276
29181810
27479173
27867910
28715413
32842540
29170504
28666829
30232998
30386325
27234417
30652797
28275585
28472397
28279337
31034208
31236554
28854206
29307707
31636417
31188869
32028969
31802522
31569528
34818857
32669655
28927437
30027735
30904442
30934824
27331661
30670689
31091703
28958396
29996094
34093550
32893036
27410484
31776405
27845325
27241530
27937012
27825343
30184178
32353329
28859534
31629079
28922464
27708327
27093288
32907625
28187236
30156598
34769038
28262332
32727530
31128224
28130487
30672289
29305828
31786268
28527274
29094318
28398676
32298261
33689873
28919345
32162248
27235103
29558199
27039616
31973162
33064724
27033547
28110372
30639461
28852878
32163415
30377071
27929575
31366341
34089044
31953156
34160241
33401776
29401479
29549964
32339222
28341122
28703698
29241370
27060565
32281263
30725318
27174386
28448519
27683255
31124226
27444120
27866627
30509299
30133450
32032591
28870427
30464242
30428861
33847814
32360947
33583405
28396558
31442166
31859616
30423542
30801742
33004436
28514683
31091448
26283013
32915712
27344138
31826871
31338335
28153732
28259232
28324177
28447317
28606821
28300974
27187593
27287830
31180720
28912011
27614319
27742170
28628464
31411310
27714789
31240714
31020573
31644665
28805465
28300361
28835547
29058107
30597184
32376449
32802864
33169661
28903515
27044278
28577363
33080173
31776931
28668266
28424472
30576584
28137230
33813766
30379197
29077390
30849420
29517020
31682219
29723166
29172070
27573121
33027261
32871423
28666583
28068604
31003939
31599155
28092859
29329574
27793644
28876359
30065070
29285820
28202376
30658129
30709036
29913559
28302630
29386359
30248452
28469032
27455458
31985225
30187415
29470164
34259783
27612415
27857129
27593583
29030319
31636123
28423309
30886418
29017606
29117003
27783682
34112171
33664734
27902932
31375559
30866785
32628658
30974762
31704226
30468746
31484074
29789241
33225931
31934825
28784302
28069884
30453663
33976301
29633968
27770843
28610876
32438426
30713029
28892442
28560654
30368131
30406038
33216074
27094497
29487478
31269020
29517791
28654231
32172268
29056425
29963988
33636437
31568478
29774519
28473450
30918310
32767975
30629372
31025389
28291746
30261081
33468683
33554243
31238839
33761967
29899501
29700002
31278737
29117567
32266427
29542319
30726740
27812601
30621750
29187150
27230852
29911269
27333366
31289184
28188791
31676367
32109416
28968775
29080786
28034743
27265325
30587198
34541003
30153226
27645783
32916141
33596516
31571484
33191939
27364879
29281729
32049261
29866193
27354515
28082294
28742096
27038591
28508213
32065434
28500814
29190281
28075325
28288094
30569290
27889529
29411598
27815125
25559142
6809352
27184629
33800884
31597763
32923629
32681135
28252888
32913052
28754167
31882298
30351952
32041638
31918792
30641880
30463971
30864280
17195954
27532496
34474053
31251739
27250043
29217375
29370627
26952548
33113998
28252887
28351337
28722623
29454707
27752039
29906587
34641314
27399257
29249358
32056710
28617808
27581122
28674411
31581385
34843483
27480044
32116148
28675775
28840835
31449750
29802365
31006423
27400363
29302110
29614073
32559225
33080251
28095684
30575002
30444971
31746240
30053014
906078
32038660
28357511
34111505
31442225
30833725
27650293
34029593
29405456
31206547
31116251
28957351
31054849
31773464
29297702
28031359
31230744
28839084
31839333
30926818
28196656
27940580
29321318
31397393
27193747
28075376
32829398
29331320
30955021
32462391
34538276
34270541
30001525
32662421
30685232
28670016
32631404
32320852
27427208
29345996
33522239
29923677
28067914
32717399
29610346
34197539
1659238
33916084
27998085
30541936
27868270
31010044
29661494
32687862
30832426
33171736
34855759
31090058
31735710
27578809
27927093
29122384
29554348
29949976
28945945
33452408
28498761
29064083
29185594
29422087
30758394
28572149
30572920
32342804
28336347
32898533
32640225
30547835
31947825
33332366
34069869
29564580
28993398
32652136
28591218
32132648
27885509
29177365
31389019
27088990
29632368
28942054
31683742
34492017
30605241
27172988
31284608
30217495
31310806
27993855
34262037
32574678
32451560
32374474
26774684
31269965
29022596
32326564
31093663
30681849
28683393
29925952
33432690
33977972
31043530
30570042
28151637
29400715
29941038
32719310
33188909
28991164
32959245
30447904
33202554
27393105
34725474
28588942
26988337
28756928
29936827
31850756
33168354
33406443
30691518
32433838
32367361
29141337
30170321
32981479
32817690
31562846
28633961
29117727
32528223
34587328
27987206
29144729
32622834
29339059
31682559
31442131
28516037
30272954
34508077
27247001
32064341
30660437
29513820
29740383
31886207
28041959
31379848
28159022
28232248
31138360
28317856
30994704
30387343
30315877
33238302
34170962
29642580
32289563
31384002
33180497
29468203
28540930
31357353
28689970
28413745
30597938
33547562
32168734
30376021
32463839
33407824
30782365
31107637
30645799
30094748
30111563
33822611
31819213
30787745
28413694
31762675
31188009
27872736
30624045
33872309
32708685
31693659
28420884
31460596
27004142
29868354
27441334
29211630
32118055
30518082
28613699
32163071
32056841
30165720
32933138
33253189
29462341
31897369
29932192
28482806
29097548
27703544
31588837
28028709
31523227
28702470
29379210
24944843
28396522
28487506
33152193
27119012
28511271
32778820
29449508
31138647
31202975
29339746
28007828
32824044
30847308
29150828
32082301
32660804
33339164
31904018
30938999
30228241
32501637
31299301
34190582
32997310
32659449
28239566
28442104
27865425
28684491
30660799
34255442
32529004
31863236
31093096
27746903
29020636
31864844
27630820
31371584
33953197
31290540
31361901
34643427
34661397
27940942
28651016
32747832
28736678
28465426
2559514
34148481
30279372
31337359
27559830
34546584
27595140
28107856
27383987
31711930
29770095
34516356
33997054
29690129
30510661
25062427
30103966
31502753
30456170
28180996
32880054
31937766
30348794
31010134
33002018
31858467
30527606
27751390
29048276
29356259
32918039
30963992
33338421
29695953
30994095
31384263
29870279
30650657
28164306
32864349
32082265
33411764
30254648
27549304
30128434
33375933
31474372
31479495
28316896
29332141
32440138
28720531
30459406
28483386
32289076
34578383
34464815
1124969
34696518
28237488
34451402
27158449
33219384
28019034
27069344
33746970
29712956
29743741
31194961
29173489
30019003
33837954
30169227
30680988
28468299
34211453
29291210
32735900
27099632
28281082
33379281
28815404
29551358
29383222
28191517
30728813
27801807
33928096
31866959
34452535
29202041
27525286
32754240
31502669
31093071
30050059
30107830
28830053
32521651
33801464
30704707
32971068
28289727
30886528
33584601
34488495
28954927
29460745
29989100
28127399
34254908
34514517
30403995
34884662
29732381
28011234
31819889
30559553
27878100
27006779
30510168
32289204
27103718
34684807
30387116
34372576
27280322
31416485
27802535
33133043
27491031
34896327
29302646
29066710
34281586
33019699
34835050
28421065
32616394
31337115
33395259
32148719
30079237
27384820
33408879
33132516
13380987
32732876
28348757
27069825
33406966
34684201
32623712
34914053
28375542
32926478
33566907
28066317
30356267
29497153
28375541
29423037
27393088
28722808
28654862
34698287
30613818
29632700
28680473
29629328
28357366
27569879
31009510
33781162
27337505
34696459
33269292
28066354
33032786
33341889
28579764
34489923
27306170
31423125
32250091
30254814
32472093
34766034
32218189
29755428
31693151
34835021
32926779
31440073
33997407
33100882
31905661
27990321
34461793
28117035
26865476
33979612
32140614
34117994
29623022
28874392
28293404
30023915
33828518
28870338
28772238
28480282
29093650
34221195
26912851
34648875
33476338
34230841
33133033
34745123
33383821
28639081
28042362
27894121
33007828
27941545
31198498
34274562
33643209
29216533
31068911
33126413
31286630
34083490
31940993
31294280
27274849
31384281
32158705
33279631
34051478
29147641
28442118
33232299
32486913
34910902
34314058
31185697
31434319
30337910
34835104
34901388
34104155
32346222
27686610
33051449
32849457
34960651
27794383
30187030
34873063
32512812
31178104
30455890
14175744
29554153
34658789
34282707
30662580
33577859
29109710
31516865
29080624
29386734
30469444
28529976
34811766
34943843
33859400
34717555
29346287
27393087
29896441
31799062
33133425
32365353
34692914
28804687
31735666
32774331
27495006
27114968
30959955
30817676
29906032
30202134
27262078
28959246
31370224
30858979
27261865
28959511
34270089
30619118
31611865
34488553
30893885
32652783
28638259
31363765
29527300
29085165
34233607
29403448
29468137
32265852
32745048
31551711
33481943
31364831
34020329
27403405
28508009
32793175
34702871
31191474
34321446
27478378
33811750
29770007
34696437
32986704
28469351
27214379
28598357
30656091
29808407
30971894
34616388
34957474
27393106
33322247
34208593
28250906
28220392
31249527
29690531
27639453
30984137
29211063
27148186
29770094
34566915
29704178
31338431
32120897
34292777
28529970
30809709
34657633
34724757
30374169
28239447
29435494
31813517
33810028
28856072
27617170
29188136
33066262
34023724
34452289
28835931
29751638
32047340
27998553
29480900
29027940
32095434
31136625
31947549
34707615
29503261
28340344
30513725
28932235
29359186
32952536
27729840
27366760
31024421
29416874
33575115
32210929
30949028
29314584
34579241
32389451
28466030
27134732
29597193
32153526
34728345
29259584
29472902
29270171
29466521
31114537
29225778
28872112
30081445
30050335
34801589
29435496
34906166
30319635
27256738
31105002
32272595
27660733
33220438
28744282
29720077
33424801
27909576
28614394
31620112
28844634
32403319
34315277
30144461
29896405
32850779
32659106
28217114
33411243
31614887
29867903
32834256
30767073
28373913
29190803
28293228
33590546
27822207
28798738
28883959
33192499
33919874
33961055
32373079
26985518
34578389
33815457
33352748
30210488
33165406
30369916
34574037
29594116
34487865
34684182
30402297
30619616
30069289
27593704
29378701
34578404
27654962
28090318
29333229
30984122
33716790
31559790
33536166
28820372
13157159
34835123
30128159
33281886
27257326
29692243
30323937
29339224
33916109
29302150
31031722
32646188
27881649
34678322
30258421
31379885
34349462
28754189
31781532
33080935
31559268
27704051
31524580
29696139
27599795
27067205
30550647
31466601
32939236
33328307
34382915
32110999
30089647
34904224
30397624
30899520
33663531
30972308
33089122
31096053
34526920
34796715
29404420
29412263
28053996
29928727
29106487
28592527
34264436
33256554
33193119
31726064
30564270
27013839
30344911
32887302
31949320
33903310
27683027
34282543
34764869
28776046
33717035
13337908
28824594
29922247
33582300
30809448
30569651
34816174
34878293
31921470
32008664
30115342
31636701
31315283
27150580
33388394
31234348
34513323
32025230
28050952
32595607
31717890
31085829
33544850
34772442
27812357
33115868
30859012
34576974
27053131
30631791
33918691
29395729
32017639
32705996
32138262
29751526
34200091
33841381
31572318
29145171
34285971
28435428
31143185
33439253
33874789
30405727
29082009
34696510
29312238
28792206
29307943
30404919
29985488
30805476
33800763
29067015
34058509
34451435
34448797
29295568
29770022
34207488
33466915
28215143
31340594
28761900
27738033
33241785
29450084
32417207
31660333
33445671
32432225
30692980
33392378
28428682
32825246
33822107
33887282
30103526
32235763
31921210
30884311
28515967
28380070
28255910
34588365
29770012
34339380
27217167
28534929
30124424
31778581
28501626
29844247
30697574
34916486
31198534
32513248
31333605
31866819
34706234
34599939
34765808
29158907
34461359
28203251
32806715
31031729
28819345
32079323
29472998
31571944
31727724
30202506
30274199
31574966
34610572
31915280
29263851
34730391
32346479
27421717
30338634
30402238
32958187
28815211
33136531
31658680
34206552
28900425
32153521
28149405
33969146
34814105
34536126
31666384
34578352
34814106
33486680
32161171
32256906
28471403
28192064
30982295
34297942
31007618
27147017
34596742
33872214
32371599
32992703
28286997
34325119
34960632
32431874
34205913
33500388
27552392
30338150
28422757
31363498
29026637
28228395
34207935
27336950
32260110
28769893
31632743
29698584
30858118
34327616
28656176
34951532
34521856
31722209
28077444
31058250
30050523
28852537
34917260
28232448
30564463
27482461
33182230
31450775
34327365
33944623
34637814
26085147
29845523
413216
34342850
34072604
31183075
29998218
26960598
28553020
30619100
28930022
30763620
29623138
34908449
33062166
30227960
32194996
33096597
26919943
30550667
29167627
34549484
33816131
28348794
28152011
29322519
30050340
29762473
33946611
33313503
30323934
29282437
27418843
33014434
32695842
33946685
28676560
28614803
34399779
29295477
31238493
28649242
34694399
28912110
28703543
30339799
29201154
33942402
28593119
32392815
30999590
34537259
33658344
34197015
31093148
28056002
29933556
34452293
30737981
34187568
29928740
27547117
30923438
29400646
32135219
27664127
29099491
27366587
34607306
33798396
31324308
27134823
32077499
34727099
28357156
30800249
29373715
33395487
28857045
32201571
29692780
33528564
33597452
32031468
29593683
29503959
27654889
27832453
28479213
34645524
28718976
27746763
27293547
28736548
30862253
34400226
33801245
29928722
30124410
33216418
30521745
33924291
32106582
27443350
34020328
33065893
30839920
32312422
34527863
27513625
34696709
32260029
27633296
34834916
28644745
31911957
27621342
33908447
34064728
34408324
29249250
27545046
31118262
30410978
27794731
33022907
30048217
14230895
27617189
30127237
28466043
29777926
26860137
32999822
29997331
29875751
28120653
34932313
24903869
29791942
32609457
27366289
34319220
34532557
32523582
31511241
26865554
28488820
32001822
28830111
29593941
32838210
6304948
30577955
31709049
27280061
34603056
30167494
34855811
29683305
31595869
32284379
32382493
27656170
33793682
29430005
32349124
29938064
33136667
29288700
34025610
28207819
33897363
34510092
30783498
27303663
27679623
30443460
30654811
33670199
28217576
29663859
30845707
31063609
33850539
31413794
32025335
34867899
34450494
32532141
34087565
30108415
34368184
34690968
32486368
34780840
28148804
31998372
34343130
31057517
34839482
27171972
32775065
31745446
28681575
27251981
31261947
34370700
34565464
31312458
32257849
29521099
34804758
31316821
32708536
34796791
27193266
30072993
30884762
27630846
31294807
32512828
32647779
28174559
28365456
27547128
30263117
34684274
34206886
28399710
34748752
33466592
27832979
32964154
27990081
33796616
34803967
31261617
29761123
33837721
34071591
32647830
28232955
33094137
34704388
30465912
30124422
32561377
32605316
28105304
30502856
33128910
34578408
34563832
28411063
27802403
29928658
34631001
32419013
31178405
34440248
27637419
29845535
29954186
32669639
34424778
33343002
28552102
28499872
31786251
28163928
34817605
33435140
28293410
32426307
27233282
31527024
34338586
28337406
27174274
31528273
34250128
34960211
34511645
34745057
3028713
29619244
30254787
34452333
28269838
30291845
34752502
31374901
34695333
31642501
3031959
13556872
34857522
30217027
32093400
29441320
31667356
28821561
34331658
29671176
30254258
28353461
28976850
28178441
33010224
30431406
31014969
33946585
34834920
34259560
34442731
32937990
32560145
32245185
30419709
29515529
27366586
33026568
29659928
29751486
31765270
32867194
29928743
31934597
29774281
30338122
34424156
32764299
28296373
30746342
31824472
28918772
25706914
33304351
31704483
27533717
28219763
34236082
29607097
28874014
31731737
28649357
25404071
34387523
34787837
30372405
27809220
27746901
30975197
29217264
27438661
29900012
34425198
28239513
28758019
28450510
11681215
33424251
27974556
33065892
31481759
27173929
28474860
32010680
34290739
34632950
29666784
34451489
19725383
34762817
32810785
34769432
27673425
28030682
33445640
32326119
34405122
34336138
29371358
27606053
30116235
29519832
30385306
27389971
34148860
28398303
34959517
30016363
31531178
34458071
32670231
31623241
30395919
33257956
27648063
27066299
34627081
34820418
33514743
34686421
29791951
33594843
32713674
30627482
27747251
34273661
30345156
28008055
27934740
30671058
27587826
32583172
32158994
34452307
33511329
34834918
34398231
30716700
29900506
28473565
27573233
32473313
27303071
28785601
33241781
28058206
27770704
31442121
29707233
30023708
31312526
31043534
30496157
32056715
7406113
27256555
31762724
30364964
31697590
30096375
33857319
27811226
34487317
27261852
31369822
29628908
28643807
27510879
32334603
34825044
28751385
28814523
31103802
28579869
32765899
34962177
30669393
34687820
27843766
29192259
34935441
30787788
29082006
27679739
34180376
28878777
31695598
31539771
32266939
34410378
29093640
27807228
31556813
32395544
31712181
30498493
32806773
32260545
28562249
29900151
30997309
31150677
27853521
29559572
27158557
33510946
30169203
31761080
33724927
31936642
34461777
29238705
27540058
29259764
34880409
29672710
27260568
34202239
31555414
30183060
34660399
33981914
32328038
13281796
30183028
33729201
34696250
28488960
33009425
30404142
29750445
34466833
28403064
27994533
33578979
28930027
34411654
34274831
28382163
32373122
30540019
27403008
12995441
32849379
34613785
29308403
27890376
28262718
34079533
32764347
31214999
33293837
33316200
30219509
34960717
30109101
34009516
34249956
34703255
29466517
34699863
31684117
31548529
29579134
32455246
34816792
31565402
12995440
34819337
28068395
30021901
27171600
29396201
27890363
30628425
28852261
28137863
34590494
29899970
25539751
29780762
29750204
29976606
27400066
32440701
28069071
34636434
27555815
33957540
34209238
34696835
30533643
34594982
34190587
28195756
28534930
33808706
32560903
31171921
29203304
32979401
30367092
34207869
27814481
32245914
29421321
29527187
31699941
30450339
27617166
34536207
29774286
28630032
34916406
34905591
28525498
27540468
31093262
27174284
30184370
32179788
30413789
34016508
30137722
33453299
33980888
28538739
34367162
29403651
34908603
27191483
27393681
29988497
30608640
27546975
27849599
33162783
33016136
26945482
28919916
29855331
28388329
32336601
34546610
34077341
32269592
32898875
29466526
28359234
30083387
29346369
27802398
28237492
31514634
28319087
27526251
27807657
33822129
33410134
34097709
28658947
27932779
30406039
33692745
33423940
34347668
27583132
31579398
32559771
31993061
33920814
32348755
28497331
29263261
32517268
28768434
33925333
34583338
31085152
31350319
31616949
27091724
34735450
34453520
29866997
29845522
31121217
28625886
29637009
27730165
34578459
34022257
34757841
27647685
29788488
33134740
33341233
28956768
29610745
28331858
30853381
29118981
8758061
29567514
31292858
27303723
29656244
31040840
34355616
31480297
33355070
28166175
29156210
30487475
33647239
30911269
34944678
28286698
31009511
29026802
28129543
34280138
27610098
26969782
28759553
27168917
27134728
30107555
30021887
29849395
30787744
28975470
32821824
30736273
34215097
33467430
31303820
32723210
28207910
30606229
34698317
29866173
29720714
28115671
28435330
32999017
33948399
31388228
28509947
30274405
31285639
28495485
28854105
29865243
28928720
29454734
33022219
28344900
29362686
29193680
29421625
28594571
28094802
31715270
28123859
29669124
29544502
27904600
27679523
34182847
30125275
30555902
34676661
32461319
28081143
34651312
28983567
30475485
29903816
33597209
28805637
31667199
34207516
28445723
34461156
34831405
34452433
30413742
33432235
32983015
34487337
28626536
32155143
31344040
29294299
34343211
31165711
32461309
33808104
29950416
34348638
29583121
27776548
29426815
6274526
28476603
31714025
32965888
33322043
34488458
31093248
29092797
28051181
27966962
27153063
30171905
28335029
27687478
34634943
33607183
31451771
29743368
29302240
27666816
32308265
30967139
34454353
33669414
27088298
1243735
28932759
32591839
32292558
29376049
32371558
27555980
33383742
32226719
28352303
30503908
31289753
34290707
29084711
34182582
33536175
30274471
34730373
29990356
28973490
27324390
30666246
34298282
34230929
30555896
32778106
30548722
28428164
2600591
32325703
32077343
30403749
32356020
28951254
34337107
28993172
28503297
28878742
28719335
33257477
33172032
31325837
29135313
31817553
33872674
33917710
33329509
33212030
27779781
32609784
30181371
33316001
32344649
29382880
28102842
33848289
30420418
28981691
27679755
27478853
34779427
33939632
30474578
29457957
28018746
31893321
27473981
34901471
27936448
33858294
32152893
32134278
27332734
29170916
34025644
28637753
31080623
28187142
29133118
28356496
29070887
29281630
32693294
31412040
32994331
29037978
34137567
29375121
407675
30379066
28747901
32424716
34075019
31547297
34952906
32367055
32101633
32616765
28699859
28648861
31372218
34016942
34960776
29875238
29561780
31970702
33287589
32387647
34442732
34065980
34585949
33163105
32004129
34431460
29625092
28717710
26927699
34549467
29909241
34852239
28407077
27075309
30904944
31270836
27686742
33401993
34483818
34055219
34061577
28231846
23057269
28241828
32287269
34817802
30236131
27353759
31243773
32062059
27767924
33352046
30250870
28542609
28288192
29182305
34777794
32435149
27160366
33687087
31616598
30403665
31234127
32479976
32554715
32726353
28488821
29352135
27273075
31517055
31535534
31059213
33105914
28683141
27604081
31649625
32336994
29294219
30356234
28923507
28506240
28417013
29343583
31027271
30380070
31252518
33737375
29951518
29258544
32302840
29785319
34936978
32969125
32069839
29611126
28332087
30062973
29773774
29051839
33228120
32318282
26941134
1245842
30626442
33475069
6314612
32577556
32429942
30942263
29447265
34227044
32045712
29664379
29788443
33208442
29225429
27212842
28357048
29512482
31585195
34762048
30103157
27773535
32522239
30231586
28053106
33477699
27918946
29270793
31462856
32287930
33652117
33326875
34696533
30408031
32447030
28481883
27459519
29617849
22923343
31656483
31050237
29081365
27794382
33397156
32926544
30083569
27491989
28916645
29305391
28336600
30711422
27004695
30981291
29577083
33495730
27921244
31048588
24605459
33493202
33478368
33293587
27509020
32586930
34929668
32125140
31931104
29282144
31284351
30759391
29226326
33158274
31548858
30171868
29263859
28777090
29391071
33597526
29427798
32288583
28364363
33073093
29760190
27717314
33466440
28821226
30763312
31442116
32300479
32686414
30808283
33976375
29915260
29558735
33942804
30739009
33808172
7520190
29554164
31487279
30429871
34568609
28665546
28303999
28192051
27824536
33905415
31851246
31384814
34479857
30985857
29129531
32299496
30062066
27849039
28273394
34852238
34709185
30038361
31273220
28539446
27244952
28600536
32580969
31771760
32418947
27694072
28288355
32844917
27842986
27899678
29845521
29594126
27330849
27815736
32027727
29081814
30265628
31082816
31579630
30909636
31801869
34696422
31003718
28298600
33120225
29745863
30652021
31121939
30250871
32718447
28622346
32269812
28426312
31584972
28083537
28420742
33052334
31032144
28523613
25722614
31469438
28246125
29678952
32203536
30324214
28214732
27508088
34384937
30152477
31647710
32289007
28984642
34816154
27759344
34858132
19762169
30455237
34514221
30267170
33234246
31776571
31633391
34537233
29662096
29619364
28187911
33907746
30340377
30560735
32550013
30915332
30321385
27792777
30414120
28107792
30685584
30160620
28436989
27662643
33435566
29939125
30904636
28580548
32295109
13077697
29872540
34357990
30270605
34677305
28994382
32234120
32175480
33208235
30524435
33600413
32961008
29617280
33782214
27242166
34451456
29549363
32977703
33801709
33609889
30302281
32926077
30131779
34467632
34358177
32842601
29852019
28441781
29785356
33376769
31111131
29970932
29890109
27690112
27508060
31612947
31083286
29169140
29754050
29459314
31654797
29364883
29532388
32522848
34104872
30002979
34046618
27788396
31956742
30176115
30020480
33351855
29207450
30970346
34513131
27684046
30894872
28191786
34204285
32640529
32482148
29782512
34292940
31336898
34111589
29874075
32288973
31995566
31647706
31118263
29554129
31878299
31065550
34177835
27473856
33339098
30657934
28398253
30186265
33247586
27692070
33717640
34116240
31414080
34163798
34112853
32885853
31410933
30703834
33617392
27706105
33553616
29663810
28590221
34749305
31462558
26792410
26398980
32164795
31578140
34240263
28834009
28724343
32313320
34835160
34873243
34451471
29568046
30261226
29379207
5313066
33897376
27501302
29229048
30133604
29253498
27546284
33652634
29908171
28095414
31628915
30209773
33384972
29086649
28399216
33441290
33332568
32835067
29623245
34690817
33202973
29510358
29372518
34067685
28456431
34651311
33243267
34832606
31777997
32289341
31259313
31300121
33718704
33870859
29681203
28185870
33365344
31936813
31093094
34777278
28921542
34123022
30192673
29039229
32858104
32793899
31843542
31662489
29432238
32287362
33357056
34069049
31739553
33857315
27273325
28223455
34473801
34498149
32193135
29202081
33329587
33673131
12685070
30808637
26482390
34509861
29659944
29845533
29845531
28592864
28285168
28653620
30860698
33445407
29137867
33119599
28200013
29253873
33763480
27626374
31205697
29035317
30964011
32646190
28743449
30274476
27643596
34079547
33035174
31647715
28327810
33591970
33227451
31799614
31815005
33009401
32645189
32919683
31682746
31442143
33266947
31862982
31529930
31442172
29906475
28497875
33869790
34967442
32786878
32149023
30855084
30459303
29451115
31516121
29843824
34170552
29473907
28945882
32854298
31755530
28676109
31882361
29296705
33159899
29393710
31721709
30285402
30591706
32099653
28716884
6306872
30730897
30192757
30809003
27306056
29279187
33148638
27876044
34228748
30699122
28192520
33303323
29036392
27997936
33260438
28030537
34834923
32132633
28437184
4403105
30684234
29140769
32094450
27832129
33043404
30165700
28596952
28237501
28027002
27902358
34927515
33816137
33592726
32884423
26994075
34205194
30339371
28618230
29429507
27886338
30518646
30446394
32851596
33917361
32610683
30357482
34529649
31339308
29511459
31690062
34465726
31406610
4546521
33374484
34697511
30604332
32878023
31742930
30152454
30440075
33240526
32069280
33706158
29554095
27058728
29424106
32864128
29236288
34969109
6206738
26390164
34321059
32609732
29728911
28614387
29305089
34014983
27620510
34904824
31561111
29847920
28646879
29230614
29074038
29116351
34571990
33052930
32668185
27866611
30462654
34448974
33095583
34203687
34069206
27918261
32526282
29254991
34924014
30080029
32469894
33688047
28713857
31841728
30462635
34029831
32867680
27038091
32337177
34456606
34727360
18771865
34960780
29659571
32197747
33743850
32560073
34327243
31169201
33968023
31547470
31154862
27604128
33999150
29570734
27639850
32208462
28874536
33615042
31829081
29792154
28703540
30266630
32605094
28078104
28982551
30265634
32750677
29777177
28103209
32615988
27814732
31458257
29376134
27226280
34459720
30416415
31754812
32288961
31933523
31068424
28073898
32478711
27989237
24917859
28986822
32238177
29405105
31508246
28764923
30938223
34315478
31975399
27864138
32387998
31658265
30607893
31121042
28253995
29324725
30124885
32908910
32416095
31210384
27899620
28315708
32971052
31244113
28327798
32733407
30908535
30335737
29914102
29212937
31356638
28727779
28832434
27307213
31787741
34297794
30224801
31846415
33598595
31931103
27161480
28542603
32103776
28137780
32104691
29845545
29161485
32178610
28829414
34899388
30853460
32823806
32804962
28537028
32728518
32585265
29760427
34545162
33309593
30794644
30144322
29806027
27115536
34063766
32399950
27318605
34957018
34737357
31052472
28054419
32972196
30283434
33778029
32486283
31774285
32109254
31393865
34646006
30016319
32445181
29382107
29779454
33683474
34551346
27751882
32748035
33744290
28403439
32269152
30656214
27894035
34200548
29845529
31826984
34064113
34023496
27824100
30884421
29442435
31436502
29082104
31398420
32112094
28425959
33775667
34835749
27500641
30018645
29031848
32327306
32154233
10099030
6268925
30053026
32250957
32976117
32834766
29507309
31382047
28851293
33328239
34753613
29024641
30722810
29463410
31589616
32393364
31770411
34205932
29739741
29410084
28859086
34685990
31589575
27344400
33283181
32866223
30883807
31009009
32004323
31549719
33113352
33032645
32754890
28497119
30921321
28591313
32418268
29560461
34469609
28728996
28024241
32546587
30654260
34718046
33514902
28716770
31500667
30413769
30544883
32724218
31626875
32450914
34372574
32188733
34250020
32766591
32533071
30927005
30809249
31434910
29770047
28900215
28815931
32780102
32236142
31909268
31690238
32001794
29350414
29198972
34712491
28638845
31990920
28358796
28271980
29018589
30779427
32511309
31361038
30940705
30466931
28241146
27384574
34415918
33670064
31622420
33925089
32054007
30609940
30091290
32015508
34934797
29370307
34664719
31398956
34652234
32454032
30625488
30560386
31088488
30959213
27249182
34732241
34177011
30548023
27665517
30557365
33794184
34612165
32784125
29652486
33242369
29718127
30394230
33129880
33198381
30622191
34185784
33951038
28852982
28602489
32959389
30871504
34343638
29210497
33454559
32742557
33907592
27493252
28004307
31004432
28892501
30799251
32938768
29216317
29698664
31351893
28699552
33454908
30402454
27764114
34132569
32108862
34133732
31622055
30099053
31817371
30150735
32778795
30446431
31041548
33491648
32787106
32784421
28989510
29773077
32961364
30467106
31194743
11619701
5371999
30602529
32692760
34834128
32763315
29768102
29783448
30728370
34276265
32392224
28074128
33623019
28264033
32429180
31276554
27419175
30397514
33997675
30988429
34499653
33901172
29867187
29544456
3769009
27208632
19995065
6652726
7428068
28717366
27154090
33085720
31161026
5098424
34927135
27829655
29412269
6763831
5051736
31189110
22176168
5842157
4953754
33759790
4946541
32256198
28579763
33347251
4282644
14003642
27781090
5553991
30027565
28333986
27439067
4585172
34367059
33245909
28026036
34435083
30416953
28539440
33946597
31326532
29123142
28488751
17813875
32289089
27230287
33910444
29322105
31597773
27366585
34702887
33623157
34834309
31214179
29435366
33284964
27088243
26991057
6309104
27980884
27623840
27974058
30972316
29049592
27582197
28395143
29150825
3550570
32080642
27899351
33517914
32579496
29805168
33522947
32080410
33633167
27104968
28684499
27815235
28242351
28829857
27104970
30254069
32154093
29551005
26839785
15215348
27784079
27673295
27518688
28027353
27838728
28973235
27673296
34671736
29149298
1178210
27378764
34543260
29536104
28114564
30898769
27623452
34362235
27755638
30101745
27610070
28880298
28926538
32037135
942503
27327000
34899713
28518162
29747736
31591585
1559144
34565445
32709887
31610813
31336868
29695282
28697811
34174947
34321560
30212102
32154863
31022052
27496830
30080933
31008514
30828133
29556569
27628851
31015641
27801647
33082605
34818871
32123365
31544875
2279232
28050965
33995523
34900237
4378566
34466989
13077401
29307932
27512493
22148607
28843350
34896104
33422034
32226652
29693054
28179231
31329789
27546976
30851018
31599872
28981650
32260491
34661750
31085583
30829331
30703090
34801062
33643769
27040615
31307217
29042714
12628818
30549324
29789951
31605670
30250667
31391815
31974303
30254791
30169228
28501667
30806881
12520138
33766191
32597365
30729227
28853349
30974092
34341804
29299461
18133031
30817823
32395034
30036027
32075683
30243841
32397512
28620040
16348046
167916
6624235
34692186
34386905
29588874
32764323
29796099
27232603
30833735
29263861
27843157
1249541
32134485
31442178
28387389
28916719
33564327
30230995
1260488
33375234
29193604
30429615
33382725
33138849
17547204
34538527
27822403
28780227
20395653
29162597
30560778
29706902
29161478
18518854
31737050
30832472
29219091
33357054
28742801
28095875
28736717
29743756
27299353
19325609
31602158
19073572
28419888
32902817
28396438
15653312
33372165
32174923
28784714
23546220
6336761
31088515
27492074
28417097
34835060
29433695
14711381
28087275
32895964
32035818
30132225
28515869
32347486
32212152
31439454
31263373
31230997
30834310
30689913
28713202
30050345
31293366
29260658
30270860
28170376
29928728
28321362
29444675
29151858
31964684
28830559
31093226
27997831
34333776
33647129
31442186
28120806
30850187
30312909
34378462
34062306
33778575
32515914
32416077
31912233
33380285
14681356
29344426
27558313
30422490
31665186
27988410
1184645
32875005
16691547
34694219
34177489
32256591
29466516
17854974
9738478
32787530
32268196
29128377
28703862
12144250
29738473
28423421
33004074
29967151
28075354
27389584
33026346
32702728
26113729
28854116
33455526
29969204
25635098
6337163
33878223
33726697
33529575
32798499
29463300
31472285
33524384
27843167
32220845
28666890
31114946
30514235
33818952
31507637
30609454
9005840
7078113
34010089
30799053
30464351
30352936
32704477
30040606
29425967
31508522
31442147
31080919
30973138
31359895
31659752
32995555
30735632
9045499
27317512
27341759
29364411
31551973
9513297
29791940
28331488
27323483
33022007
31891404
28854106
28845357
31640810
29278457
34077571
31034798
27768689
31442162
32708688
31703421
29618076
28810013
33419670
29020917
34869227
31442174
8067992
2227582
33925487
30167747
34933341
30585228
30270896
33623008
30401470
28582558
28163339
28146366
27934946
15115413
15177688
11463123
10436653
33659923
32838395
30462293
29412361
27869724
27219081
21412252
19073551
33832475
16254053
32633115
31312665
28103000
32892628
27247350
34546359
29728121
29282215
32930630
28076467
32777537
31606748
31507639
29132162
28721965
28423109
27599081
14646463
3984702
31922937
29873741
28418737
34803199
28602240
26856329
6616322
34583345
29107239
26581402
25503590
3906062
33177516
28854113
28261172
27802406
32518536
19204415
33069264
30996796
30762040
30046208
28177042
27869391
27832715
12468100
34061882
12697811
33207060
33178073
31516337
34784348
29996889
34345124
32552437
32520941
32447400
32363393
32300805
31612914
31131071
30993689
29932096
27876647
34817613
34366975
33780417
33630751
33444295
33432904
32824225
32673302
31684822
30759739
30410741
29131869
28904181
28300076
27933090
27365085
18091772
16249088
2365713
29075656
32484559
32462140
31919396
31494346
31366813
31040241
30743191
29859194
29648573
28968892
28422053
28421048
28399278
34825756
33779612
33398289
33283798
33207053
32769624
32748704
31450458
30388221
30184356
30137424
29967469
29161848
28760831
28399206
27997935
34372505
32024202
34725401
34552793
34404497
32861858
32119826
32007927
31442127
30451465
29297364
29228197
29125256
27809228
2281759
34821477
33991759
32818706
31977049
31940960
31681418
31245825
31149645
30991073
30815287
30517314
30394204
30026024
28529708
28517033
27990003
27742355
3893828
34948563
34680634
34174399
32631083
32572291
31666113
31544193
30889386
30271898
30199543
29644025
29628352
29161479
31681479
28506794
28444003
28072517
27922001
14528304
12933903
33382678
31981401
30817853
30343662
29741175
29513751
28685814
27659038
26830024
22766821
18764691
30467085
34833155
34566927
33122748
33009687
32662663
32377443
32335227
31442169
29576954
28666809
28655666
28042515
34468309
34225166
34740249
34718656
34595138
34048548
33750400
33584626
33533870
33033285
31124222
30954758
28424031
25255027
12477270
6376518
34804418
34617566
33882600
33855440
33847843
32808667
31972007
31351072
34290566
29379650
34643114
34092929
34035796
33939805
33522327
33045422
32817668
32362643
32185244
29977239
29489994
29316963
28749942
28062794
27282817
30011879
34704695
34680688
33898461
33326062
33013898
32966232
32956639
32763313
32560438
32321987
32134963
31334259
29575404
29248525
28630444
28426114
28422157
24813217
34394061
34038385
33704462
33385364
32853170
31499687
31054318
30984169
30521408
29129921
28991902
28541711
27273239
34172707
33807814
33716097
33623600
33562305
33124548
33112607
32848320
32051012
31390780
31048994
30640961
30175124
29777650
29273280
28583207
28168206
34527271
34121892
33372934
32938370
31700626
31682720
31600194
31566765
30647910
29842982
27806047
27180726
33790374
33759279
32530921
32438628
32061627
31519251
31249824
29328646
34224564
32634079
31504686
30614633
30583735
33349975
33158442
32737356
32520289
32264941
32020196
31622396
31264560
30994444
30364100
29432455
29029153
28135274
28001214
27982119
27881181
11514574
34648501
33633197
33059502
33034352
32458116
32164699
31815934
30941675
30291492
29934112
29432489
29380629
29052242
28787446
27354440
15964851
34446714
34903607
33186795
33030829
32878348
31601104
30760757
28796789
26799213
28321360
34442667
34115926
32878180
31692696
30634571
29290037
28690735
27102015
34780374
34634928
33954211
33935332
33350387
32748782
32555588
32024068
32844526
32378259
30790554
30135460
29763445
28266580
27775162
25878271
31362043
34895309
34708523
33826624
32853197
32790670
32414396
31700056
28748838
28462011
28033379
34519426
34807904
34448947
33104694
32185384
31434963
30596764
30160316
29352990
28011725
25740507
33919648
33721656
33619083
32822342
32579135
32391139
32358588
32302303
31357557
28913959
28347352
27343150
34735439
33807092
32600469
32398005
31559435
30596205
31455370
30552600
29729859
29425195
29202694
29136650
28193291
31553370
31060581
30758258