20143962
24163942
22010480
18182834
19565682
20046190
19673043
33971004
24891213
33643621
20198294
19802552
19520039
23140089
19525932
20042043
19769939
27036721
19407756
21322172
20113816
26848365
21677609
19862710
30151569
19448575
22266640
33120579
19824785
20391296
21265325
19678903
19480053
29955060
19480054
21171919
25564096
21042060
28591202
20065045
23023606
23254339
22266639
19478151
16494710
19491743
22460875
19603372
30822474
19443759
19460969
19651387
19807908
19081490
20075871
22566130
25005926
21245588
30508193
23404579
20009274
342616
21936262
19423781
22123276
19443758
32710707
19961971
19556052
30643075
23785876
20182961
19514689
24386847
26243317
19899256
27263180
21291570
20225730
24290840
26075542
19540800
19791672
19908614
33152409
19574308
10202925
19750087
20000235
19486316
30843347
29150910
24337721
19796000
19774885
32818398
20361596
19645644
20058722
32506781
22767692
32191770
23794727
31979804
20112826
22318564
28791803
19407164
20530069
20084338
19582644
23022810
19586825
19516233
15308692
19543913
33477472
22791604
31538914
21292701
22253165
1048031
17115950
27821546
21211019
20090003
20103951
19886299
19737300
19805908
32084248
19478748
19442755
30647144
19916184
19810222
23523121
25180223
22948682
16034381
23905479
31661057
12624243
22460882
19487554
19645643
23359372
20182962
24224817
22460860
19637535
20629818
19583443
20491207
25048542
19540156
19232229
25858119
24832117
19922661
19768379
7843354
26016740
22440921
20942085
20409213
19788110
24125045
20090141
23565306
26079745
33622472
20848861
20669613
25219283
22392781
25048543
26028306
19713168
22471187
21801341
33686399
22294203
19477087
22281569
33663187
24231290
30346477
19448748
10779199
20653923
19636623
20965670
11779380
24661802
23549303
21900876
24751326
20230233
15329683
19555012
18093945
20354256
19959800
22158294
19544601
22355116
20064360
19176218
20697556
20648619
20596968
7551408
21148514
19997505
23558347
33673035
1285165
22076498
12141967
21912985
4872467
20553769
19639799
28223682
20724471
22125035
20875285
20021501
19574348
19920156
21849519
944768
13271671
30316344
21723574
6126676
19536212
9348163
19506268
24074566
15668221
19422769
15163491
21749798
15353766
26914951
17998910
26404790
20303673
29949329
20686037
20303675
16641950
4541000
19463787
19618636
12917448
18258037
17429716
16800240
15306391
25025062
31979877
24078226
21148515
31848356
19592456
22832938
16762260
22978260
10941924
19589977
24142356
1845913
19995179
20056970
59086
9081824
19408352
19411405
12843064
20058566
4717614
9594271
6752410
16641948
21917888
20078407
4538532
189788
14842721
22886197
16685764
958246
31595535
24377419
34808097
19859785
22678192
20119537
11352041
5311061
19583012
27174429
23017204
19429933
28819964
11779381
15724338
19480815
23472057
11779383
23619655
14485814
15650713
24397830
20037716
10963345
24180306
19661892
23794725
24163036
19232228
24924963
13750053
21361408
564374
20972306
26611769
11546876
15917759
1315876
22932697
19564629
10195767
19469332
19681951
21004064
14402829
22145362
9611870
19449215
25470842
6973418
6023804
2827036
15411798
16830601
11922322
27633803
24358190
21203956
20031049
14486190
6171098
25092558
19941789
21610000
4538533
20567024
13651924
6258844
5465431
19485172
9122676
14140870
29166978
15729301
9324923
20067043
1366112
23033673
25961024
20575270
22008120
20422832
23171635
9360367
20284974
20221396
944973
23013722
19873871
4882913
19899247
20640805
20351464
22865115
13747196
24186378
14238927
5477012
17944266
17700668
6245665
7987139
8046416
21146879
18877603
27088433
12110250
20435978
20816630
22487168
12730565
6614787
1609163
22217624
4116562
26477059
13651927
4718315
12734230
19540155
6658105
21010291
20690540
7781739
20495164
4577780
8009840
19912605
13575318
21516768
22895386
10930664
14824323
8091678
11481046
13259033
9140195
1216560
24735120
12135631
13332182
2795713
4897391
13719952
2674180
5296537
14161259
4788835
19606577
19618521
6100202
14785544
20248645
4684582
14209624
19529045
5625091
18910621
20240800
20343913
20670901
20669616
13583381
5748459
8310117
5624209
19827433
14841267
556169
548720
6103545
13598890
14775492
4717619
19768855
19844852
13037409
13651917
20699449
5309460
4540995
485593
19899248
6161501
5141715
7348722
7313131
4397341
8919937
8758416
13986941
3737189
5518643
14815402
14824322
6293202
4218992
4262334
1006980
7472052
4681052
9621872
6518481
7471704
3000080
19951858
19515611
8760422
19787384
34861735
29060087
31401200
19540799
22895890
20880273
781783
20734056
30804933
24931441
20019257
19947099
27344473
15163498
19802906
21799774
958251
19685670
1121849
22530270
58953
19645640
28493054
31973709
19390508
23360036
21695237
8985190
19858899
21954984
20798477
8645101
21138539
7979974
21131728
23744805
19539521
20358163
19879469
21559366
20630125
19954063
24965467
25417652
19827668
1025809
22491467
25860393
9311570
34037823
20693601
28820376
21468553
21163369
26196759
20714967
19423870
19490596
23556412
32601207
19829084
24592767
24497077
19879829
24761977
19633602
20570014
22336333
17889937
5625365
19768134
25638198
20038387
28418300
20136864
33308657
19953761
11559800
20886318
23029335
19801181
22234411
20004815
966751
19810275
25333287
32382897
19633592
29912708
20175307
20630124
23794728
11243361
5415113
24606700
681789
24711881
22297136
13651926
22754968
29772011
27787493
19866549
19739308
19471865
23517052
19958921
30877121
438474
19500744
23827145
19547857
507043
25814027
16494713
20448399
934202
19728527
25721921
67988
23301234
6283717
20675774
6103561
21477139
2828738
19606878
19466437
23704376
22167468
23011571
20849878
30359341
19720702
19788107
23490143
19863025
19549666
34808085
20113283
800413
26011186
21751455
24511825
20581935
21295434
25925535
19810263
26290488
20422753
26016443
19526445
27287182
32868846
18220962
20377098
979577
19756328
19661390
28934461
24013183
21333249
19930375
20845744
20411469
1034440
20015998
30730827
367482
20540003
20651829
19728423
21761586
22397932
21840085
21342898
20195809
20669614
27486732
22976350
11189716
20237080
24390939
16494715
19620261
30476076
27350259
23526970
26583371
23824815
28893917
19644634
19739283
20598336
4996396
22699299
22814844
22266673
19458694
25761949
22000753
20382671
21078169
32245834
20109274
31504322
17412677
6127508
19770255
11546856
19801200
21751667
21948002
20361600
21614079
19516303
25939913
29765021
19797457
19791658
31551085
20806525
20958933
20408444
20103952
22479759
20589329
15919908
19490130
24510170
22216585
19892952
20960179
17459539
23512464
19589827
20070030
24005090
31421676
20499654
26543138
33923198
25368997
32959089
20637883
19472506
22421883
19814744
20649943
8138990
23794726
29143461
23794729
23354817
25214618
21892996
27934581
19582546
27397600
19908433
23564515
29653731
17346674
30884184
20502070
28183395
21558062
22000365
22872731
20592925
20112775
19398472
33667751
19580537
21808039
19734864
22947816
29992375
14671105
16806732
21033564
19497089
21124850
21732013
20972300
15603896
19406879
16323086
21627432
22984843
19534568
20630122
19898441
25948864
19203846
16365531
21323179
21140890
21534444
25833052
23567150
19516283
20860673
19856519
19515609
19544611
19544612
14764886
23692909
21089717
22111915
20371580
19524497
206136
30715371
31535780
31287050
19453417
21402821
19474032
19928552
30715352
20697263
1875195
24444864
20044393
25148572
21696514
20108825
20855191
33744674
20444891
21763464
20701877
31000879
20161706
25268692
20375006
20171553
1028314
19437076
20077940
5850879
20610519
28810835
20021502
19276439
21751463
23516363
31230448
20375785
18089751
19788122
11620651
7424890
4177941
12576534
19780479
19858273
21630622
20380223
19423871
21728265
24910881
19785811
1016590
19831308
26384378
31059716
17717141
19633041
34556218
19429656
32016385
22748221
24582319
28406213
30111851
20303616
23022800
13651925
19737115
23029826
2754013
19666453
19764693
373248
22709385
19474010
19403576
21696560
21221505
20112815
23875024
21077927
9240699
21356134
1026617
11779397
20686020
20304254
22624470
19915281
20153549
19557045
20357942
20582868
26950677
21827326
22381928
21121084
19470565
24446268
19474418
20026511
29339427
21476794
20091462
22247048
23379315
22058114
20008016
21751464
21161482
21392430
33803792
24161299
21178950
19651687
19922079
19713236
19808835
22491120
20545440
18269323
23266108
34891609
22938856
20886082
20027933
19767346
25064525
19914947
4142678
6159061
20231159
21353280
19740056
715445
19526982
19403577
30680936
19939903
22322623
24858607
23229220
19735217
23125327
20480635
20108886
21965390
31961298
25884907
19887149
22682090
22935945
12929857
20015597
21131303
31988203
23628436
21593260
20071428
26867129
28233143
23326561
19410694
22986732
19531555
453419
27049316
24377724
19897507
19969608
270786
19633034
19541958
26424131
32721380
19744591
19740909
19759084
20030049
22779069
19574347
32591390
19423784
19640945
19783577
22776714
19386124
20075894
1048976
21208765
258711
19594393
18269321
21504401
19700521
22843650
19632075
20007271
21047027
20575093
19480613
19567470
11369884
21338954
20199242
19775200
22361359
19563262
22718832
21498366
4906872
19737836
25007845
25540375
19731441
23305617
19899301
22033658
20624713
19578121
20073394
19444150
23499672
19858182
20367578
25886647
19764525
799946
27252023
19771642
21361409
6246153
21722446
20095293
19618627
21176866
20515968
23870345
19584111
27381724
21994734
22251996
23030743
28889970
20154276
19528110
20619053
33619277
19758421
19725784
20795393
703482
19884211
24522908
20843284
19605430
19734190
20820065
21789224
23264989
19914948
21329187
21537971
19962791
21617340
19635005
19731422
22000851
19584082
19753791
647572
17680329
19739295
33094718
835180
30337924
19710128
22674997
22194241
33453177
19813675
28098524
24523938
20350949
20832914
26511046
20088431
22075296
20938815
18258038
26893019
19995968
19714698
21356135
19461605
22751242
995280
20186321
22087838
19690588
30158292
16302111
20581387
21470893
20135811
19762998
1024248
21422695
22022552
20380222
19141446
20096915
6069928
16494714
20144897
19417043
19494369
26876980
31448974
21203717
21623082
21401780
20131457
20134108
26202246
20614644
8604179
19736735
19907469
19780510
19541030
20561869
19659668
17554038
20817663
19459276
1027540
20227902
19555898
23755397
20130142
7571425
24478425
567886
19841710
22561866
685984
19657921
19809872
23808213
19625364
21600019
20501574
20930526
23425625
792372
24259541
26771381
19731423
20979988
19706938
20499655
20187661
20379852
20610681
21143099
19799131
779133
21342340
19562860
32798539
27094903
21492430
19788108
22438920
20093585
20505030
21333316
19948644
19747941
24065323
19762610
19565118
19711788
20712672
27983507
21751659
20166286
59252
19820273
26269288
19681650
22245874
23765153
32182849
19666683
26603602
15614699
23301849
19620268
979743
21159486
19645645
24373385
22185798
11765939
21177224
21573238
20064849
21645421
20970630
33715905
19930669
19900997
23298921
24642229
19909489
31539406
19673419
21479615
6978194
32403268
19541026
24825439
20191561
17177613
22850059
19523442
24498821
32161172
22142460
27767007
18448208
19617998
20112161
19433408
19617670
20121408
24222675
21342893
22537252
10713598
20178418
22558251
610056
27860313
31238479
25363845
187273
905679
19526981
20558710
19859024
19717134
19480028
19541028
23370118
26196098
20444821
19710568
21928341
21387886
21777312
965855
21948819
19940421
21788781
25946071
19893775
33471840
21545032
19793838
30695462
7381437
19506266
31465981
22049835
16494712
22773657
24942585
20348529
28403799
21824375
19768383
25882118
21213421
20633930
19737047
22185401
18269322
20822307
19790188
23020865
21619644
24079379
21211000
20188299
22259894
23870378
19910606
20140096
22712880
33115872
25058514
19960729
19679038
19083267
22718824
22740390
5447336
21144091
34071367
30715379
19933735
25270153
21174141
21439068
6254232
19522553
24772700
21281550
20231926
342615
19759469
22682087
20339037
20949777
19752075
20480636
21396538
12195436
21138542
20036094
29401271
778644
20796180
30229730
2948346
21168053
19923563
20200343
20923613
21271827
21752259
20582943
20403201
19824851
19444151
21323570
20304257
23911963
7439471
19006971
23986398
30055967
20237225
19799132
28446785
32522849
11567756
21858124
21902821
20857145
20005682
32299204
21299713
21106314
19700000
21451954
20369714
20155220
20859039
11765937
24215385
20019860
25307074
12664301
19645641
27294672
29453856
21142218
20082089
20027972
33328212
19734861
25986634
20958131
23842494
20116002
24065322
20923612
20437844
19541029
83459
20856678
29542865
30482214
20816560
19925612
20415539
21477134
30003086
22642704
1071772
4060856
20888645
19423782
28733290
20218322
19564632
23674250
23695819
21381341
20344846
20494504
22129996
27338141
17187567
22020427
20304255
19687089
29599422
21087539
21389594
20139483
18550676
20854690
21073292
20113566
23661027
20830295
31571862
268501
25369794
20042511
25850385
33422421
15507633
19755499
19828604
22253158
31312199
19553589
20109989
20353853
25210718
18206275
29848587
22477150
25342196
10593030
23142054
19422701
9240691
32790248
21489996
19405211
22682089
11530013
21157318
24810098
27183611
20007024
20732830
32565432
25224116
19564631
23437532
22205820
20043367
23536663
19893372
22286408
19628172
30420854
26311895
235196
19696313
22968105
6374032
25162670
6817460
23248407
19545404
21076592
33200496
21283514
606761
11648201
24436455
20182960
22823752
21506055
13757007
20117137
12874235
30021892
21940069
26205221
20102323
19605579
23437531
19936003
29717109
20010157
21949913
19627374
19470591
21360013
26311880
4988696
19539828
30142572
27032178
26051886
26094828
24418567
979845
21208548
23187005
22480031
21248098
20458257
19439731
23731839
606760
22241979
20047483
22638836
31287780
25446776
19465683
20842862
20196934
1260632
20128437
786915
31698043
20618250
19609664
19581318
20417458
20685896
21976615
29075888
20554831
1032582
19605660
20650585
822331
21061513
22348001
21431613
20850032
20797646
17163393
21277402
1656837
21337812
22093434
21047961
19597152
21163566
610057
20958935
19759500
27173740
10315848
24083506
30080677
22491461
1071771
21064004
20140252
19494066
21858744
12034486
19933051
22903569
11662766
20970742
31661383
23782386
21651740
26077985
27759342
22585751
20061056
21668672
22664502
3591815
278603
26163993
21821686
20848859
20154602
756936
19407739
20153551
22072785
26431429
1270841
20646945
19474268
6808336
24257096
23326326
3855244
30250466
22734081
20054591
20171526
29991715
26345427
6251738
20099743
28202448
21211593
20660186
23043602
33249766
20002364
20831976
19497253
17526158
23009167
21251560
19339469
24817143
21422476
20117993
21424855
20561870
30738024
34580718
22696745
23977250
19728589
23288421
25442859
21786623
20463898
20624292
20802471
19627376
23860766
19564634
21274563
22043762
28393730
21299933
20552937
606759
27030925
25811654
22082196
20482918
22221838
21382522
21569236
29797225
19587304
21068184
23553030
243919
22784583
20591210
21926856
31773252
18895297
20843774
830271
33616517
19497255
19899486
20630123
30381693
22715554
25969995
20193575
22097226
19906909
19674455
19837479
25125575
22696653
20391291
26961277
31413133
20218855
25162742
20943443
26980674
28415629
21816972
31412172
20841727
19740048
20526820
32638231
21124761
22106922
20476871
19940827
21985824
20472201
34602605
22108429
32531777
19728766
20410676
29740451
991042
22535550
20036985
21500568
20825334
26365372
20678192
20845737
28153610
19564633
17287258
28475122
20727404
21917963
22009423
63712
25212081
22505438
20206868
32800782
22739061
19230163
20504340
29653729
20042632
13348039
19836420
20967258
20397549
19854543
20652296
7714186
24973238
21463714
21537156
22177368
22040421
19995180
30663232
22495226
25984614
19883690
21442266
26416814
20934538
20858800
24089569
22074674
20825335
21234762
23771788
9360364
21763381
19505254
7441004
22251837
2963437
24152353
20042754
20219780
19794307
22045749
30945621
20976194
24227848
21384641
23812238
22019422
31436207
21857846
20005904
21612979
27413002
20381552
31267679
20363953
12437032
20339031
22136700
953556
22088186
24968347
23437534
21319468
19858526
20187976
19553585
10799783
26476563
22939660
21627715
19791673
26757401
22258842
19747506
19859096
8389804
21606260
20032128
28206909
25771463
23790455
20967480
20188520
21464940
31717393
21628863
23348187
22166169
19749660
29870311
369639
19944879
3301379
20446935
33754684
21666913
19794033
20887420
22727727
27997573
27927254
17384781
23784125
19480812
21431784
390278
1536092
28300531
20810301
20976137
24073193
606762
27853991
18134016
22438243
19999379
19863761
18760023
20144443
20453207
21304193
24468218
1016579
21208551
24270150
9244574
23999337
28484173
24696530
6129235
22516540
21435263
21808939
11226311
26764002
1024024
22632900
19883704
21388549
23785769
20587086
25630935
20019861
20181710
28252630
22072752
21265244
26110454
25757856
153798
30261065
19718434
21844883
28189402
20402417
24214415
26066839
32682618
21178022
20190477
991022
21694688
20688908
19681695
20566254
23731466
19933639
20140813
25181765
31267843
21453970
30066273
20457347
21094280
4260999
34062844
21561908
23385352
20613699
21955390
11662329
201204
29574888
25387011
20121613
25751873
33662023
22543220
23691150
24415636
16027771
20441026
244353
20054101
20726599
27309078
18110882
22937896
25867910
21075679
19638339
20599692
998257
33120795
19627377
21082230
29463703
22327938
21300105
23373617
23374554
19819081
4995665
29642453
32393178
22610294
19933640
34372620
27874827
24811236
20642029
967220
21786595
26995804
20551981
11648527
21921216
25085623
20519459
19875682
10188318
31892120
5309456
9511782
25766285
25891282
19781571
26855331
18884245
26344393
23272110
19949336
25492273
24843157
21133875
19822486
20574518
19033158
20049332
24671138
23833781
23911991
21507270
20218988
14619443
342633
22916112
21545937
21744080
27677275
21692561
21915270
21668363
19952886
19741084
18131596
24423574
23856606
22422690
20630098
14963236
19759468
23152369
13345965
22762384
22208275
19917120
20156906
30157330
24996124
21318739
27405392
33024252
13118162
27367322
22332370
19815030
19800997
24066051
885670
19693661
20628565
27807237
19926410
29265702
19824855
11658464
17814513
20463955
19554084
34379513
25483536
19342184
24741105
25796641
20042855
25746201
20120431
20516360
20473260
11648488
20134234
22692313
19882896
17366454
17898838
21937867
20162304
25762737
27988511
21173148
20152545
19447141
9395631
24348248
18869331
21899063
19953274
29871917
18151496
30482591
12788625
20981560
20412878
32575492
15705345
20466514
32882361
25816244
9065404
21047959
31228489
21344749
21116801
19798010
21024569
24096845
20571608
15393958
19939920
33853960
21123386
28245096
23570478
13325406
26935915
5312249
17171546
20808939
20117250
14415060
21257998
26264705
32210274
26542001
1579108
7072705
23057530
20507247
28955081
19407738
24778238
21586163
28300530
19840690
29749408
15400837
20615945
18251695
20617558
34068322
23247101
21134932
20836866
25746173
25882122
25876137
23861550
17931114
24916185
16455873
20458519
22217605
21138541
21340741
25491354
21799795
19641066
30983379
20385168
20199612
717615
22373288
20623785
22009422
24357283
30501496
26726811
31207403
14927791
21875631
19407737
19423869
219688
22267719
20970747
22299395
19806769
23983181
28859895
28262619
27984103
7026733
10687244
18109745
23280715
22068881
19911946
24869796
13052822
23112630
23148285
1250284
20168097
19997612
25635701
29803166
23379494
19733996
7097920
13302650
20824188
14266935
20473322
22167502
20457348
20962098
11664802
6128862
27650238
20111584
19648515
21249207
22682293
20139265
20383330
21808854
20551254
19750603
29843639
20920048
21228147
31858129
23652165
24020758
22078166
30673779
19933638
22028096
22676272
20844030
19822741
30359347
21235490
20455681
32780760
21087648
23757854
6502138
28131371
23202424
32615049
21742505
30711515
19641063
20027183
30098979
24503629
31375440
22185562
9359752
20640809
23063828
21997495
17384785
6103562
21306851
20391540
22586901
31515146
23886669
21571020
21340209
20473239
23811283
21545936
23209422
25728134
31996430
12526320
13367338
461965
24631073
11682536
23964903
20126449
6315619
23531523
20081832
21209922
20021306
31777011
21227400
13109114
998058
3198101
4456998
19745214
20056566
26137813
6175104
30367980
625589
23429089
25119991
18062253
6211499
21628810
19924306
21471339
25754840
20304251
21195732
22025253
2053297
32170693
32992478
22310910
19728864
22207090
10482643
17257572
21293099
20520590
26530136
1897109
31430632
20110407
18621993
3378588
27827462
1415168
6985408
34526415
32352308
20809948
18716625
29046448
22829640
19998047
3827601
31433284
4060845
19637916
32866418
26732146
24899434
20951747
24353006
20389023
604130
23439297
5309461
8892928
23587185
25884189
21203523
22005289
6184032
33230875
22457520
2800524
23621591
20423307
8438586
33031768
19359528
91663
867041
29875251
21294633
22637640
31189708
23181491
31603050
8113758
20028826
18859991
21151563
20926110
25800220
23166273
20105300
29891677
24048081
9787660
15105776
31590684
21084481
20130063
7193546
27807225
9971766
2847449
2559562
27084011
19809504
24385157
20663475
20059763
7257320
7730809
33357110
20041443
6279948
18590231
31521467
30291257
2860799
3155941
3025296
1085669
28384328
8519918
31041720
24363301
27358277
60851
7309835
30264926
5531470
24404128
6851479
28267619
21124053
9191869
19632889
23942954
24460959
20158900
30126057
33360319
32350072
22420542
19597980
25953392
13786478
10799776
22261237
24027310
23770307
33933817
25405955
21507962
32965305
32102230
23621918
6502139
31051185
19460353
4540999
20538468
25234642
19513050
23568913
14575127
30201593
25184409
18977535
6285546
22112856
31900060
19152664
1648899
34839990
19857155
19224986
22359943
22459010
2851410
8030245
22052803
21115230
23049974
604123
16928961
23077313
28282440
227792
1318751
27681134
9880008
21043141
15269374
16641303
33635986
20229116
28716554
28301280
10559331
31553755
25129871
28611246
8760967
30197112
32385913
20810843
25542013
22530566
23689011
24893655
23201246
12566701
2846902
23903968
23123174
23826898
21935627
25991697
16836834
2846999
5309453
20462470
848621
15340540
22401570
21978155
22221493
4258552
2100750
19647064
980087
19858482
6198440
3321554
9119062
15746398
25467861
19063926
6454945
23469029
22808082
23006541
21596495
29343428
20958926
24238665
23266109
6192318
24508548
22427709
23318219
21664078
21908367
8381700
16755371
33987931
18721993
22487322
29377751
4095329
10799777
34247056
25547032
25593159
1658216
25639204
25470843
23551882
24726997
16051873
23836394
27581984
21112702
22564359
2838122
8720040
23497073
16512120
23019374
19317918
20875275
20716816
18458812
204060
218894
6055434
26226986
19998748
21347401
22197763
18409745
25804707
24155384
8806180
26384331
29280974
1333815
10954551
23891155
6068986
6306045
7897358
349075
23805306
21307227
4805182
26477456
26709840
18436668
23591972
27771067
29540597
19605485
34050216
16526227
12727349
525919
18485828
5531469
24389095
22921759
21849442
19672242
9462309
9783465
21087637
7309229
11155523
21995516
11289812
27113719
3689717
34288514
1848603
6282772
31745716
30715792
28628449
25320322
23382435
20965669
11907321
44667
18403137
20155919
28688454
11562490
19853679
26297001
30425484
25209152
26750204
31323023
24464555
6316691
11590831
18522505
8303887
15280470
21253862
19497689
32967961
33113443
34455547
23137647
23408893
28758634
32086880
34248259
3973976
4062559
21668680
26296602
25200748
21272360
24595369
15221541
31694942
22226050
20447778
18600063
21418598
25810540
27190187
27284789
25953496
30485723
17936394
18617994
25876280
3031869
22921315
30052648
12513929
22235288
12191781
2815586
19682498
28814518
20708352
20558274
29651056
20484565
22815146
31479927
31868300
20170556
16517910
26508590
24395718
21795347
25778544
25079956
2800339
22716314
26816272
19924230
24034626
23077124
15996787
17338234
10655680
17071290
9442939
26790939
31696308
18199784
12505635
29967457
25350002
22261151
7681613
10954521
20696044
21880750
30216671
20109495
21177926
24095146
33039727
19453469
28624926
25540372
1848066
10358215
34804030
31150979
19961480
25542286
23658205
9696833
21266846
22665622
25631252
24001121
27093541
21077429
2839132
16809934
29625417
22015056
23973737
32679903
16325879
20042068
25813399
24660544
17019634
22911759
29512309
34028065
24461956
23885074
30258006
2587848
27739468
22198611
2307719
23171654
27928015
31667759
21442301
9658077
9382772
31906591
26608319
24656980
24571447
12675514
25601799
10824103
27334519
20700759
31533860
29453058
10799784
22622326
24522915
15565446
27016770
28181421
32967956
18375125
33408177
30914224
27321744
25701742
24081929
9191844
29378639
22353399
21203961
32534788
16704839
29587786
28622865
19862613
20521635
22815151
23280098
25330303
21632614
30151585
31569752
18574682
24335306
26223994
29770135
28434065
24889764
8077918
32619306
29477550
23146831
28974251
22202185
17445913
20113569
23242667
11164073
25659818
19062693
27512056
31864499
6754619
24750464
23209789
21688167
26966881
34313225
18329747
2174233
34034617
666634
9261394
21668659
9018149
23758678
19617481
20723198
23153050
27484711
34266403
2330674
18985274
17251572
34200006
29602269
19863790
33181438
29316958
33042120
29183923
30787439
14572650
31996432
21074235
32222822
30605755
30959063
11557293
33202972
20719941
21090736
22171260
15188651
29102115
22582106
24289094
29880757
26850542
22212737
21343450
11118361
21900158
21382482
12016028
21918118
30939061
20198180
28941982
8998558
10783296
32481674
21900171
34160258
20521636
26946338
30723064
9733623
27795418
25517546
18287245
21270231
29466705
26642934
33925929
32024713
29765037
32907982
33936018
11870754
8250388
25616845
26811446
21219983
24224814
24760887
20167045
33892436
23827789
7897351
7325957
23824819
23637412
19840669
15984335
20348375
29458525
20660199
33197868
19625412
9049404
30355693
1731091
26416728
22664185
26030614
20920297
33584723
19453423
33053905
7545918
30020613
21697484
28647517
21825167
33760493
25701826
32164997
24531761
4323595
24807722
27277342
31836256
22738661
23055004
18787012
7849964
33980596
27016764
26711995
11266220
1446823
23740270
25946115
25673727
32969579
22475261
34091783
23166185
25160760
24074585
28465592
29872645
22461226
24047399
21935489
31883883
29286299
24431235
25275121
19918299
19870569
30185589
11773383
16939702
27244295
23435952
23746458
27384658
29054116
16125742
18789984
19870494
23333290
32699088
24007505
19870653
20030555
33418392
32288302
4901731
19617611
27230301
27852224
22906589
24168036
23196771
27828989
23791438
17386745
24238985
21306574
18652681
19356067
22685299
31787986
25650054
19223487
24957653
17135502
33123135
18459834
17344506
19870752
23683576
1901364
16334954
25008935
20886169
21310191
32269123
33054143
28057521
25122786
22000290
26208281
14672916
22851818
31655018
33997233
12009102
15308368
23255622
9534986
9296286
24685238
19428840
31132720
32882956
20962084
11483271
30015453
1334131
20358033
31928706
15518807
25790187
21434700
25810557
20665307
21423887
23100795
25212661
20061950
28368362
24033080
22465749
2434522
32668259
26370412
23843633
29452853
22365327
16943300
29324680
25999284
59094
9875402
23142304
34847143
18023188
21346875
21976461
23043930
25055345
33268518
32289027
26221512
30822308
25428338
8279953
21423263
27987414
23980500
1578186
23293437
22391400
24586849
19870496
2005434
32288055
23135159
30723723
1583103
27729839
23320646
15777646
27671110
11182197
5301737
26124560
7372459
22584406
20029610
6158174
29769321
33193445
24566927
24426160
19870495
6356600
19565018
20029615
29703861
25599604
20181702
20025195
2041090
26768129
19870881
19991749
22446634
30078190
8828147
31316500
2398532
22217111
22427834
19871266
22815759
28082971
21641994
19870434
6495656
7958466
22336036
27741319
15968345
28794452
21540994
27458456
11084614
28935594
25183346
23637827
31294196
21672125
2144066
32288570
30096906
7507932
11225305
7165509
34625868
20300402
29701663
20025197
33663384
19806430
894080
26581977
25492660
20872248
21168443
22450272
33363244
19666543
21738327
15105096
21177643
24294283
20344945
23472182
2353872
34848281
27242800
18041224
21109586
20186344
21326879
7031627
20383144
23320157
32288994
8291238
33648602
25625063
32215244
33263010
21847074
33816131
23271861
34333745
33339174
27051116
22666678
30613552
30764577
31366399
26366729
21654984
19010076
10359643
23062055
24149036
27981236
21142070
23742717
1604929
30613550
28466053
16272334
6171614
8189504
19774205
31910604
20382139
22408707
32760376
19918065
31388236
6580621
33162783
19565022
18721995
22536196
23015724
25677970
33740730
19476650
25183993
27790597
19891427
20025200
29621840
19785758
34190586
4541006
33256019
22090671
3336940
24282564
18107968
25032342
24233586
25003086
25380354
20890797
33877900
19768409
27732285
7688826
26038404
17622733
21998692
22802854
32397138
31803811
29399575
24422530
22229099
31463235
19871297
26090848
24992667
31839904
28075913
20198183
20014777
24710411
23100799
33120606
28086682
24305615
15769361
21209734
22919170
30619908
21629611
27645048
2416114
22829764
34835056
27647955
30818793
6325730
23971810
19870970
11530187
29541569
34041162
3401117
10799781
23100792
33091794
20958936
21730147
604129
34237949
71790
27579082
23575279
31318298
24690149
24675864
34327845
19035324
22345946
3831787
20976081
23856371
32289026
30834359
23100793
33130165
30069735
26038410
23100794
717509
21603982
20130050
26715380
7377638
21907751
19636415
22779956
33253936
20152806
24049362
32373634
18353690
13449325
34449904
9660072
20958934
22478776
19871098
23568924
31242646
21554703
34778883
26345598
32529072
20960044
33731462
2319644
31906472
24298482
34757846
21660186
31767089
23074664
27796330
32602461
14575082
20391401
22158699
19733889
24051313
23100796
5303408
6133434
215853
27051342
19564504
21749039
23888097
19665993
10400772
30069787
23831996
24168642
20420690
32288182
19871146
16094824
29068663
26050481
21937653
231948
34651684
33692193
22184438
22577427
25816228
22953151
24115376
20156506
21611071
17739813
23637477
19881161
34188239
24799734
6503362
17817751
21774955
17818415
19871048
30533826
11726970
22312984
17837010
26038511
27658945
17759577
29038764
20585035
31757890
25645259
20409208
17844025
27807224
31750915
34692972
23871288
25508470
17819988
19912623
20570562
20615432
29377916
32054707
6172559
32560624
34696517
28082980
27732284
28993601
19871392
33483491
2423640
10662072
6247520
30733500
18447925
32287770
6710867
34681121
10799787
24339511
24345669
24909420
27206548
34132051
22562316
23100800
23100990
28080759
8230464
21637347
23661929
21209762
28086388
1895397
6497358
1085800
19561969
3959316
24272698
21593156
31556283
26105945
31487118
11662846
32837365
843268
20300388
25563634
22438559
10316078
27741801
275493
848623
21509228
32605742
23741106
1085804
27653247
23100769
6247519
889491
23074657
28080763
21977593
21365380
20071564
28768203
21103112
26038443
22877860
6876058
21946287
22558296
21994647
21598632
2458435
15488629
20704935
23634764
6659469
16859326
20602265
19457254
6172604
20121903
32423002
5302333
21349362
6700403
25653710
34211346
21313850
26309905
34612695
4100149
32900961
16560365
23958134
25143953
21464844
23569593
221315
23192875
21047957
34262883
23983477
31683888
32288894
34660399
20703771
12368314
29139222
22090127
23403777
6455856
34959538
34070190
19660593
25183133
25355894
81267
15645373
19431997
20434570
1731092
28646559
25328558
33756084
507256
22363521
20090947
29085792
21346871
28352464
28729956
32362959
3947033
18039806
34759511
19785747
30288197
20458336
19865496
33506607
22258861
31871238
26608498
21529277
19472499
27820051
21147350
30237955
7232692
2222188
27902762
32226479
23272285
21338676
32367904
21123068
27307850
25525294
20148749
21399690
23967240
23447533
34746280
34888566
30567479
17992942
21385621
23459816
21171947
23692362
24146939
11919291
23637398
24591973
20159684
33268521
31015836
22628315
20959296
9342319
32313327
23150815
31660338
34578330
6195814
4051833
9247041
26058711
32010599
32288454
32391116
24260476
28885709
33065849
34066605
23064116
24741099
2194421
30053826
19043925
31213032
20648221
25044602
20688037
29991117
21442100
28740498
20975689
22179315
16725022
33731192
20149404
24066118
21632986
17035314
28637754
33224441
439186
19871335
21653752
25183201
17135498
26343848
15812719
20178582
20231094
1851395
34209093
25610287
21570401
28846898
31164877
20029608
23320394
21995115
24371061
29891600
24266742
19658252
32123736
34065291
29628293
22852317
26914510
34697977
23690933
31025948
25072749
23759505
23895699
24243730
28360640
32288576
221759
29623073
20885781
23100789
23100798
33414272
24147093
26937034
1746668
26417168
24721530
24950578
29276514
25523775
33086578
32287853
30504827
24744625
27482543
21680587
34477091
33134740
25627548
23362319
31024736
24534766
32238581
19356594
29562753
27242767
31117981
26222066
32299201
1782426
20544035
34616904
587711
33455526
22462278
7159261
23407581
20029609
34709136
34287044
18243346
33019857
27385782
30609454
27296008
34779385
20519969
629662
33209768
33014888
27309051
23055645
22185616
3013137
10297734
28835221
32263785
22763857
24656442
34724353
22455929
32832858
22456700
33219467
32836530
20872296
6411430
22457479
32612565
22696633
26686975
25989163
20831860
20732860
31276007
25163545
33194951
21936260
25514524
33470198
34222718
34347385
34358167
32764349
32183105
34646097
27264105
27522300
26728772
22324135
2013526
31632645
33507951
21431053
34960759
34774738
31022887
23329946
32817944
31435147
19652680
23443722
33453532
31667431
3700076
31139480
20171793
25189350
30083931
16796038
32782062
20947233
26306268
34647219
26162384
22018019
32318055
21803510
25991694
19923570
11514735
32289103
23557616
32226203
34017720
28260567
25009943
34802266
21694981
17362413
21252391
33552444
21714865
34750301
32962524
24313914
20029665
33912498
32214547
22838505
22552195
15994050
32679173
23589588
20412874
25842000
34596893
34191943
33469434
32837645
23991187
26848884
22189479
20458407
6333204
33099284
34192261
24356244
34041346
27597136
32646512
22216801
33013898
33907592
27552392
23782165
34371772
26045183
24950142
34461885
33400098
23050248
24862909
30284963
25627427
34691056
34149185
33786335
22171803
34147139
29895192
31709880
32110430
22911912
34957018
31612124
30230312
34519661
34483721
26245473
32942143
33580509
34083772
20029614
31860430
24098576
34646006
24690916
29035487
34524795
33173898
12913561
31731037
34083427
16950949
28990147
30230310
28188601
27885969